clean,corrupted,answer
Solve the following and respond with only the final answer: What is 34 plus 75?,Solve the following and respond with only the final answer: What is 34 plus 17?,109
Solve the following and respond with only the final answer: What is 91 plus 50?,Solve the following and respond with only the final answer: What is 91 plus 29?,141
Solve the following and respond with only the final answer: What is 72 plus 62?,Solve the following and respond with only the final answer: What is 72 plus 15?,134
Solve the following and respond with only the final answer: What is 17 plus 96?,Solve the following and respond with only the final answer: What is 17 plus 75?,113
Solve the following and respond with only the final answer: What is 67 plus 32?,Solve the following and respond with only the final answer: What is 67 plus 87?,99
Solve the following and respond with only the final answer: What is 26 plus 44?,Solve the following and respond with only the final answer: What is 26 plus 95?,70
Solve the following and respond with only the final answer: What is 55 plus 99?,Solve the following and respond with only the final answer: What is 55 plus 87?,154
Solve the following and respond with only the final answer: What is 56 plus 43?,Solve the following and respond with only the final answer: What is 56 plus 83?,99
Solve the following and respond with only the final answer: What is 35 plus 40?,Solve the following and respond with only the final answer: What is 35 plus 94?,75
Solve the following and respond with only the final answer: What is 17 plus 98?,Solve the following and respond with only the final answer: What is 17 plus 35?,115
Solve the following and respond with only the final answer: What is 98 plus 55?,Solve the following and respond with only the final answer: What is 98 plus 99?,153
Solve the following and respond with only the final answer: What is 24 plus 84?,Solve the following and respond with only the final answer: What is 24 plus 58?,108
Solve the following and respond with only the final answer: What is 73 plus 61?,Solve the following and respond with only the final answer: What is 73 plus 42?,134
Solve the following and respond with only the final answer: What is 91 plus 25?,Solve the following and respond with only the final answer: What is 91 plus 25?,116
Solve the following and respond with only the final answer: What is 78 plus 67?,Solve the following and respond with only the final answer: What is 78 plus 30?,145
Solve the following and respond with only the final answer: What is 88 plus 72?,Solve the following and respond with only the final answer: What is 88 plus 93?,160
Solve the following and respond with only the final answer: What is 90 plus 10?,Solve the following and respond with only the final answer: What is 90 plus 76?,100
Solve the following and respond with only the final answer: What is 33 plus 94?,Solve the following and respond with only the final answer: What is 33 plus 89?,127
Solve the following and respond with only the final answer: What is 24 plus 43?,Solve the following and respond with only the final answer: What is 24 plus 83?,67
Solve the following and respond with only the final answer: What is 48 plus 63?,Solve the following and respond with only the final answer: What is 48 plus 38?,111
Solve the following and respond with only the final answer: What is 93 plus 53?,Solve the following and respond with only the final answer: What is 93 plus 75?,146
Solve the following and respond with only the final answer: What is 74 plus 78?,Solve the following and respond with only the final answer: What is 74 plus 72?,152
Solve the following and respond with only the final answer: What is 12 plus 52?,Solve the following and respond with only the final answer: What is 12 plus 19?,64
Solve the following and respond with only the final answer: What is 55 plus 38?,Solve the following and respond with only the final answer: What is 55 plus 15?,93
Solve the following and respond with only the final answer: What is 15 plus 97?,Solve the following and respond with only the final answer: What is 15 plus 39?,112
Solve the following and respond with only the final answer: What is 20 plus 32?,Solve the following and respond with only the final answer: What is 20 plus 23?,52
Solve the following and respond with only the final answer: What is 89 plus 57?,Solve the following and respond with only the final answer: What is 89 plus 54?,146
Solve the following and respond with only the final answer: What is 15 plus 61?,Solve the following and respond with only the final answer: What is 15 plus 11?,76
Solve the following and respond with only the final answer: What is 61 plus 56?,Solve the following and respond with only the final answer: What is 61 plus 29?,117
Solve the following and respond with only the final answer: What is 91 plus 42?,Solve the following and respond with only the final answer: What is 91 plus 67?,133
Solve the following and respond with only the final answer: What is 30 plus 93?,Solve the following and respond with only the final answer: What is 30 plus 88?,123
Solve the following and respond with only the final answer: What is 82 plus 33?,Solve the following and respond with only the final answer: What is 82 plus 54?,115
Solve the following and respond with only the final answer: What is 55 plus 47?,Solve the following and respond with only the final answer: What is 55 plus 63?,102
Solve the following and respond with only the final answer: What is 51 plus 65?,Solve the following and respond with only the final answer: What is 51 plus 36?,116
Solve the following and respond with only the final answer: What is 68 plus 56?,Solve the following and respond with only the final answer: What is 68 plus 95?,124
Solve the following and respond with only the final answer: What is 51 plus 89?,Solve the following and respond with only the final answer: What is 51 plus 57?,140
Solve the following and respond with only the final answer: What is 12 plus 99?,Solve the following and respond with only the final answer: What is 12 plus 75?,111
Solve the following and respond with only the final answer: What is 47 plus 67?,Solve the following and respond with only the final answer: What is 47 plus 93?,114
Solve the following and respond with only the final answer: What is 59 plus 97?,Solve the following and respond with only the final answer: What is 59 plus 71?,156
Solve the following and respond with only the final answer: What is 23 plus 42?,Solve the following and respond with only the final answer: What is 23 plus 31?,65
Solve the following and respond with only the final answer: What is 38 plus 55?,Solve the following and respond with only the final answer: What is 38 plus 70?,93
Solve the following and respond with only the final answer: What is 42 plus 88?,Solve the following and respond with only the final answer: What is 42 plus 82?,130
Solve the following and respond with only the final answer: What is 86 plus 67?,Solve the following and respond with only the final answer: What is 86 plus 17?,153
Solve the following and respond with only the final answer: What is 58 plus 47?,Solve the following and respond with only the final answer: What is 58 plus 69?,105
Solve the following and respond with only the final answer: What is 40 plus 13?,Solve the following and respond with only the final answer: What is 40 plus 36?,53
Solve the following and respond with only the final answer: What is 82 plus 39?,Solve the following and respond with only the final answer: What is 82 plus 54?,121
Solve the following and respond with only the final answer: What is 68 plus 34?,Solve the following and respond with only the final answer: What is 68 plus 69?,102
Solve the following and respond with only the final answer: What is 55 plus 55?,Solve the following and respond with only the final answer: What is 55 plus 76?,110
Solve the following and respond with only the final answer: What is 41 plus 33?,Solve the following and respond with only the final answer: What is 41 plus 14?,74
Solve the following and respond with only the final answer: What is 62 plus 20?,Solve the following and respond with only the final answer: What is 62 plus 46?,82
Solve the following and respond with only the final answer: What is 41 plus 37?,Solve the following and respond with only the final answer: What is 41 plus 23?,78
Solve the following and respond with only the final answer: What is 67 plus 56?,Solve the following and respond with only the final answer: What is 67 plus 56?,123
Solve the following and respond with only the final answer: What is 54 plus 71?,Solve the following and respond with only the final answer: What is 54 plus 17?,125
Solve the following and respond with only the final answer: What is 93 plus 91?,Solve the following and respond with only the final answer: What is 93 plus 58?,184
Solve the following and respond with only the final answer: What is 98 plus 36?,Solve the following and respond with only the final answer: What is 98 plus 75?,134
Solve the following and respond with only the final answer: What is 14 plus 84?,Solve the following and respond with only the final answer: What is 14 plus 92?,98
Solve the following and respond with only the final answer: What is 56 plus 28?,Solve the following and respond with only the final answer: What is 56 plus 71?,84
Solve the following and respond with only the final answer: What is 47 plus 32?,Solve the following and respond with only the final answer: What is 47 plus 81?,79
Solve the following and respond with only the final answer: What is 41 plus 55?,Solve the following and respond with only the final answer: What is 41 plus 62?,96
Solve the following and respond with only the final answer: What is 53 plus 65?,Solve the following and respond with only the final answer: What is 53 plus 43?,118
Solve the following and respond with only the final answer: What is 30 plus 28?,Solve the following and respond with only the final answer: What is 30 plus 23?,58
Solve the following and respond with only the final answer: What is 56 plus 13?,Solve the following and respond with only the final answer: What is 56 plus 74?,69
Solve the following and respond with only the final answer: What is 17 plus 34?,Solve the following and respond with only the final answer: What is 17 plus 63?,51
Solve the following and respond with only the final answer: What is 46 plus 59?,Solve the following and respond with only the final answer: What is 46 plus 51?,105
Solve the following and respond with only the final answer: What is 67 plus 61?,Solve the following and respond with only the final answer: What is 67 plus 77?,128
Solve the following and respond with only the final answer: What is 72 plus 32?,Solve the following and respond with only the final answer: What is 72 plus 37?,104
Solve the following and respond with only the final answer: What is 50 plus 61?,Solve the following and respond with only the final answer: What is 50 plus 16?,111
Solve the following and respond with only the final answer: What is 62 plus 27?,Solve the following and respond with only the final answer: What is 62 plus 80?,89
Solve the following and respond with only the final answer: What is 24 plus 18?,Solve the following and respond with only the final answer: What is 24 plus 20?,42
Solve the following and respond with only the final answer: What is 52 plus 70?,Solve the following and respond with only the final answer: What is 52 plus 60?,122
Solve the following and respond with only the final answer: What is 32 plus 95?,Solve the following and respond with only the final answer: What is 32 plus 69?,127
Solve the following and respond with only the final answer: What is 61 plus 59?,Solve the following and respond with only the final answer: What is 61 plus 63?,120
Solve the following and respond with only the final answer: What is 79 plus 82?,Solve the following and respond with only the final answer: What is 79 plus 41?,161
Solve the following and respond with only the final answer: What is 69 plus 27?,Solve the following and respond with only the final answer: What is 69 plus 66?,96
Solve the following and respond with only the final answer: What is 60 plus 12?,Solve the following and respond with only the final answer: What is 60 plus 39?,72
Solve the following and respond with only the final answer: What is 85 plus 80?,Solve the following and respond with only the final answer: What is 85 plus 51?,165
Solve the following and respond with only the final answer: What is 24 plus 42?,Solve the following and respond with only the final answer: What is 24 plus 18?,66
Solve the following and respond with only the final answer: What is 70 plus 13?,Solve the following and respond with only the final answer: What is 70 plus 16?,83
Solve the following and respond with only the final answer: What is 93 plus 77?,Solve the following and respond with only the final answer: What is 93 plus 87?,170
Solve the following and respond with only the final answer: What is 88 plus 42?,Solve the following and respond with only the final answer: What is 88 plus 68?,130
Solve the following and respond with only the final answer: What is 20 plus 27?,Solve the following and respond with only the final answer: What is 20 plus 77?,47
Solve the following and respond with only the final answer: What is 14 plus 89?,Solve the following and respond with only the final answer: What is 14 plus 18?,103
Solve the following and respond with only the final answer: What is 84 plus 51?,Solve the following and respond with only the final answer: What is 84 plus 33?,135
Solve the following and respond with only the final answer: What is 13 plus 69?,Solve the following and respond with only the final answer: What is 13 plus 35?,82
Solve the following and respond with only the final answer: What is 40 plus 45?,Solve the following and respond with only the final answer: What is 40 plus 72?,85
Solve the following and respond with only the final answer: What is 82 plus 52?,Solve the following and respond with only the final answer: What is 82 plus 91?,134
Solve the following and respond with only the final answer: What is 57 plus 38?,Solve the following and respond with only the final answer: What is 57 plus 86?,95
Solve the following and respond with only the final answer: What is 42 plus 93?,Solve the following and respond with only the final answer: What is 42 plus 70?,135
Solve the following and respond with only the final answer: What is 24 plus 52?,Solve the following and respond with only the final answer: What is 24 plus 16?,76
Solve the following and respond with only the final answer: What is 93 plus 60?,Solve the following and respond with only the final answer: What is 93 plus 91?,153
Solve the following and respond with only the final answer: What is 15 plus 58?,Solve the following and respond with only the final answer: What is 15 plus 52?,73
Solve the following and respond with only the final answer: What is 33 plus 32?,Solve the following and respond with only the final answer: What is 33 plus 50?,65
Solve the following and respond with only the final answer: What is 91 plus 89?,Solve the following and respond with only the final answer: What is 91 plus 10?,180
Solve the following and respond with only the final answer: What is 48 plus 93?,Solve the following and respond with only the final answer: What is 48 plus 82?,141
Solve the following and respond with only the final answer: What is 30 plus 91?,Solve the following and respond with only the final answer: What is 30 plus 78?,121
Solve the following and respond with only the final answer: What is 35 plus 89?,Solve the following and respond with only the final answer: What is 35 plus 30?,124
Solve the following and respond with only the final answer: What is 42 plus 99?,Solve the following and respond with only the final answer: What is 42 plus 69?,141
Solve the following and respond with only the final answer: What is 91 plus 88?,Solve the following and respond with only the final answer: What is 91 plus 32?,179
Solve the following and respond with only the final answer: What is 72 plus 59?,Solve the following and respond with only the final answer: What is 72 plus 35?,131
Solve the following and respond with only the final answer: What is 12 plus 14?,Solve the following and respond with only the final answer: What is 12 plus 38?,26
Solve the following and respond with only the final answer: What is 92 plus 43?,Solve the following and respond with only the final answer: What is 92 plus 87?,135
Solve the following and respond with only the final answer: What is 19 plus 24?,Solve the following and respond with only the final answer: What is 19 plus 64?,43
Solve the following and respond with only the final answer: What is 96 plus 19?,Solve the following and respond with only the final answer: What is 96 plus 64?,115
Solve the following and respond with only the final answer: What is 49 plus 90?,Solve the following and respond with only the final answer: What is 49 plus 59?,139
Solve the following and respond with only the final answer: What is 73 plus 98?,Solve the following and respond with only the final answer: What is 73 plus 97?,171
Solve the following and respond with only the final answer: What is 71 plus 39?,Solve the following and respond with only the final answer: What is 71 plus 37?,110
Solve the following and respond with only the final answer: What is 21 plus 15?,Solve the following and respond with only the final answer: What is 21 plus 91?,36
Solve the following and respond with only the final answer: What is 50 plus 32?,Solve the following and respond with only the final answer: What is 50 plus 19?,82
Solve the following and respond with only the final answer: What is 57 plus 28?,Solve the following and respond with only the final answer: What is 57 plus 13?,85
Solve the following and respond with only the final answer: What is 17 plus 51?,Solve the following and respond with only the final answer: What is 17 plus 26?,68
Solve the following and respond with only the final answer: What is 10 plus 87?,Solve the following and respond with only the final answer: What is 10 plus 44?,97
Solve the following and respond with only the final answer: What is 80 plus 18?,Solve the following and respond with only the final answer: What is 80 plus 74?,98
Solve the following and respond with only the final answer: What is 64 plus 14?,Solve the following and respond with only the final answer: What is 64 plus 49?,78
Solve the following and respond with only the final answer: What is 85 plus 37?,Solve the following and respond with only the final answer: What is 85 plus 79?,122
Solve the following and respond with only the final answer: What is 16 plus 47?,Solve the following and respond with only the final answer: What is 16 plus 76?,63
Solve the following and respond with only the final answer: What is 18 plus 78?,Solve the following and respond with only the final answer: What is 18 plus 82?,96
Solve the following and respond with only the final answer: What is 88 plus 67?,Solve the following and respond with only the final answer: What is 88 plus 24?,155
Solve the following and respond with only the final answer: What is 59 plus 72?,Solve the following and respond with only the final answer: What is 59 plus 71?,131
Solve the following and respond with only the final answer: What is 94 plus 94?,Solve the following and respond with only the final answer: What is 94 plus 49?,188
Solve the following and respond with only the final answer: What is 67 plus 73?,Solve the following and respond with only the final answer: What is 67 plus 89?,140
Solve the following and respond with only the final answer: What is 47 plus 34?,Solve the following and respond with only the final answer: What is 47 plus 73?,81
Solve the following and respond with only the final answer: What is 70 plus 32?,Solve the following and respond with only the final answer: What is 70 plus 64?,102
Solve the following and respond with only the final answer: What is 83 plus 20?,Solve the following and respond with only the final answer: What is 83 plus 97?,103
Solve the following and respond with only the final answer: What is 39 plus 72?,Solve the following and respond with only the final answer: What is 39 plus 64?,111
Solve the following and respond with only the final answer: What is 27 plus 58?,Solve the following and respond with only the final answer: What is 27 plus 80?,85
Solve the following and respond with only the final answer: What is 59 plus 21?,Solve the following and respond with only the final answer: What is 59 plus 64?,80
Solve the following and respond with only the final answer: What is 24 plus 60?,Solve the following and respond with only the final answer: What is 24 plus 94?,84
Solve the following and respond with only the final answer: What is 16 plus 57?,Solve the following and respond with only the final answer: What is 16 plus 56?,73
Solve the following and respond with only the final answer: What is 73 plus 73?,Solve the following and respond with only the final answer: What is 73 plus 26?,146
Solve the following and respond with only the final answer: What is 41 plus 83?,Solve the following and respond with only the final answer: What is 41 plus 38?,124
Solve the following and respond with only the final answer: What is 61 plus 60?,Solve the following and respond with only the final answer: What is 61 plus 12?,121
Solve the following and respond with only the final answer: What is 41 plus 90?,Solve the following and respond with only the final answer: What is 41 plus 29?,131
Solve the following and respond with only the final answer: What is 56 plus 42?,Solve the following and respond with only the final answer: What is 56 plus 69?,98
Solve the following and respond with only the final answer: What is 54 plus 56?,Solve the following and respond with only the final answer: What is 54 plus 59?,110
Solve the following and respond with only the final answer: What is 21 plus 29?,Solve the following and respond with only the final answer: What is 21 plus 93?,50
Solve the following and respond with only the final answer: What is 47 plus 81?,Solve the following and respond with only the final answer: What is 47 plus 97?,128
Solve the following and respond with only the final answer: What is 73 plus 53?,Solve the following and respond with only the final answer: What is 73 plus 30?,126
Solve the following and respond with only the final answer: What is 34 plus 12?,Solve the following and respond with only the final answer: What is 34 plus 20?,46
Solve the following and respond with only the final answer: What is 60 plus 81?,Solve the following and respond with only the final answer: What is 60 plus 18?,141
Solve the following and respond with only the final answer: What is 66 plus 85?,Solve the following and respond with only the final answer: What is 66 plus 84?,151
Solve the following and respond with only the final answer: What is 25 plus 48?,Solve the following and respond with only the final answer: What is 25 plus 62?,73
Solve the following and respond with only the final answer: What is 11 plus 61?,Solve the following and respond with only the final answer: What is 11 plus 56?,72
Solve the following and respond with only the final answer: What is 65 plus 60?,Solve the following and respond with only the final answer: What is 65 plus 41?,125
Solve the following and respond with only the final answer: What is 23 plus 19?,Solve the following and respond with only the final answer: What is 23 plus 57?,42
Solve the following and respond with only the final answer: What is 51 plus 43?,Solve the following and respond with only the final answer: What is 51 plus 82?,94
Solve the following and respond with only the final answer: What is 63 plus 36?,Solve the following and respond with only the final answer: What is 63 plus 79?,99
Solve the following and respond with only the final answer: What is 80 plus 51?,Solve the following and respond with only the final answer: What is 80 plus 38?,131
Solve the following and respond with only the final answer: What is 56 plus 71?,Solve the following and respond with only the final answer: What is 56 plus 68?,127
Solve the following and respond with only the final answer: What is 78 plus 67?,Solve the following and respond with only the final answer: What is 78 plus 34?,145
Solve the following and respond with only the final answer: What is 97 plus 72?,Solve the following and respond with only the final answer: What is 97 plus 61?,169
Solve the following and respond with only the final answer: What is 86 plus 21?,Solve the following and respond with only the final answer: What is 86 plus 96?,107
Solve the following and respond with only the final answer: What is 32 plus 79?,Solve the following and respond with only the final answer: What is 32 plus 11?,111
Solve the following and respond with only the final answer: What is 95 plus 58?,Solve the following and respond with only the final answer: What is 95 plus 57?,153
Solve the following and respond with only the final answer: What is 64 plus 39?,Solve the following and respond with only the final answer: What is 64 plus 75?,103
Solve the following and respond with only the final answer: What is 13 plus 35?,Solve the following and respond with only the final answer: What is 13 plus 93?,48
Solve the following and respond with only the final answer: What is 37 plus 73?,Solve the following and respond with only the final answer: What is 37 plus 76?,110
Solve the following and respond with only the final answer: What is 38 plus 54?,Solve the following and respond with only the final answer: What is 38 plus 66?,92
Solve the following and respond with only the final answer: What is 80 plus 54?,Solve the following and respond with only the final answer: What is 80 plus 86?,134
Solve the following and respond with only the final answer: What is 31 plus 93?,Solve the following and respond with only the final answer: What is 31 plus 13?,124
Solve the following and respond with only the final answer: What is 22 plus 68?,Solve the following and respond with only the final answer: What is 22 plus 78?,90
Solve the following and respond with only the final answer: What is 76 plus 20?,Solve the following and respond with only the final answer: What is 76 plus 54?,96
Solve the following and respond with only the final answer: What is 47 plus 19?,Solve the following and respond with only the final answer: What is 47 plus 38?,66
Solve the following and respond with only the final answer: What is 27 plus 15?,Solve the following and respond with only the final answer: What is 27 plus 18?,42
Solve the following and respond with only the final answer: What is 24 plus 87?,Solve the following and respond with only the final answer: What is 24 plus 28?,111
Solve the following and respond with only the final answer: What is 17 plus 78?,Solve the following and respond with only the final answer: What is 17 plus 29?,95
Solve the following and respond with only the final answer: What is 50 plus 21?,Solve the following and respond with only the final answer: What is 50 plus 62?,71
Solve the following and respond with only the final answer: What is 64 plus 49?,Solve the following and respond with only the final answer: What is 64 plus 68?,113
Solve the following and respond with only the final answer: What is 35 plus 73?,Solve the following and respond with only the final answer: What is 35 plus 22?,108
Solve the following and respond with only the final answer: What is 88 plus 42?,Solve the following and respond with only the final answer: What is 88 plus 14?,130
Solve the following and respond with only the final answer: What is 40 plus 52?,Solve the following and respond with only the final answer: What is 40 plus 24?,92
Solve the following and respond with only the final answer: What is 31 plus 94?,Solve the following and respond with only the final answer: What is 31 plus 12?,125
Solve the following and respond with only the final answer: What is 16 plus 46?,Solve the following and respond with only the final answer: What is 16 plus 43?,62
Solve the following and respond with only the final answer: What is 99 plus 86?,Solve the following and respond with only the final answer: What is 99 plus 86?,185
Solve the following and respond with only the final answer: What is 13 plus 48?,Solve the following and respond with only the final answer: What is 13 plus 85?,61
Solve the following and respond with only the final answer: What is 15 plus 62?,Solve the following and respond with only the final answer: What is 15 plus 87?,77
Solve the following and respond with only the final answer: What is 16 plus 27?,Solve the following and respond with only the final answer: What is 16 plus 35?,43
Solve the following and respond with only the final answer: What is 47 plus 60?,Solve the following and respond with only the final answer: What is 47 plus 13?,107
Solve the following and respond with only the final answer: What is 77 plus 14?,Solve the following and respond with only the final answer: What is 77 plus 36?,91
Solve the following and respond with only the final answer: What is 49 plus 91?,Solve the following and respond with only the final answer: What is 49 plus 30?,140
Solve the following and respond with only the final answer: What is 52 plus 29?,Solve the following and respond with only the final answer: What is 52 plus 70?,81
Solve the following and respond with only the final answer: What is 97 plus 36?,Solve the following and respond with only the final answer: What is 97 plus 11?,133
Solve the following and respond with only the final answer: What is 71 plus 16?,Solve the following and respond with only the final answer: What is 71 plus 62?,87
Solve the following and respond with only the final answer: What is 86 plus 83?,Solve the following and respond with only the final answer: What is 86 plus 11?,169
Solve the following and respond with only the final answer: What is 41 plus 76?,Solve the following and respond with only the final answer: What is 41 plus 14?,117
Solve the following and respond with only the final answer: What is 97 plus 65?,Solve the following and respond with only the final answer: What is 97 plus 63?,162
Solve the following and respond with only the final answer: What is 73 plus 77?,Solve the following and respond with only the final answer: What is 73 plus 59?,150
Solve the following and respond with only the final answer: What is 91 plus 91?,Solve the following and respond with only the final answer: What is 91 plus 44?,182
Solve the following and respond with only the final answer: What is 35 plus 63?,Solve the following and respond with only the final answer: What is 35 plus 16?,98
Solve the following and respond with only the final answer: What is 17 plus 85?,Solve the following and respond with only the final answer: What is 17 plus 58?,102
Solve the following and respond with only the final answer: What is 17 plus 78?,Solve the following and respond with only the final answer: What is 17 plus 50?,95
Solve the following and respond with only the final answer: What is 42 plus 86?,Solve the following and respond with only the final answer: What is 42 plus 72?,128
Solve the following and respond with only the final answer: What is 72 plus 45?,Solve the following and respond with only the final answer: What is 72 plus 52?,117
Solve the following and respond with only the final answer: What is 31 plus 30?,Solve the following and respond with only the final answer: What is 31 plus 92?,61
Solve the following and respond with only the final answer: What is 18 plus 18?,Solve the following and respond with only the final answer: What is 18 plus 60?,36
Solve the following and respond with only the final answer: What is 99 plus 42?,Solve the following and respond with only the final answer: What is 99 plus 39?,141
Solve the following and respond with only the final answer: What is 31 plus 19?,Solve the following and respond with only the final answer: What is 31 plus 10?,50
Solve the following and respond with only the final answer: What is 92 plus 69?,Solve the following and respond with only the final answer: What is 92 plus 89?,161
Solve the following and respond with only the final answer: What is 94 plus 82?,Solve the following and respond with only the final answer: What is 94 plus 71?,176
Solve the following and respond with only the final answer: What is 65 plus 87?,Solve the following and respond with only the final answer: What is 65 plus 91?,152
Solve the following and respond with only the final answer: What is 38 plus 70?,Solve the following and respond with only the final answer: What is 38 plus 43?,108
Solve the following and respond with only the final answer: What is 46 plus 41?,Solve the following and respond with only the final answer: What is 46 plus 69?,87
Solve the following and respond with only the final answer: What is 16 plus 88?,Solve the following and respond with only the final answer: What is 16 plus 48?,104
Solve the following and respond with only the final answer: What is 10 plus 89?,Solve the following and respond with only the final answer: What is 10 plus 67?,99
Solve the following and respond with only the final answer: What is 23 plus 77?,Solve the following and respond with only the final answer: What is 23 plus 80?,100
Solve the following and respond with only the final answer: What is 39 plus 55?,Solve the following and respond with only the final answer: What is 39 plus 52?,94
Solve the following and respond with only the final answer: What is 43 plus 18?,Solve the following and respond with only the final answer: What is 43 plus 41?,61
Solve the following and respond with only the final answer: What is 31 plus 63?,Solve the following and respond with only the final answer: What is 31 plus 62?,94
Solve the following and respond with only the final answer: What is 48 plus 17?,Solve the following and respond with only the final answer: What is 48 plus 45?,65
Solve the following and respond with only the final answer: What is 49 plus 80?,Solve the following and respond with only the final answer: What is 49 plus 29?,129
Solve the following and respond with only the final answer: What is 25 plus 15?,Solve the following and respond with only the final answer: What is 25 plus 66?,40
Solve the following and respond with only the final answer: What is 32 plus 50?,Solve the following and respond with only the final answer: What is 32 plus 39?,82
Solve the following and respond with only the final answer: What is 71 plus 41?,Solve the following and respond with only the final answer: What is 71 plus 12?,112
Solve the following and respond with only the final answer: What is 73 plus 73?,Solve the following and respond with only the final answer: What is 73 plus 21?,146
Solve the following and respond with only the final answer: What is 70 plus 27?,Solve the following and respond with only the final answer: What is 70 plus 67?,97
Solve the following and respond with only the final answer: What is 17 plus 20?,Solve the following and respond with only the final answer: What is 17 plus 12?,37
Solve the following and respond with only the final answer: What is 89 plus 85?,Solve the following and respond with only the final answer: What is 89 plus 72?,174
Solve the following and respond with only the final answer: What is 65 plus 74?,Solve the following and respond with only the final answer: What is 65 plus 32?,139
Solve the following and respond with only the final answer: What is 43 plus 29?,Solve the following and respond with only the final answer: What is 43 plus 55?,72
Solve the following and respond with only the final answer: What is 11 plus 17?,Solve the following and respond with only the final answer: What is 11 plus 16?,28
Solve the following and respond with only the final answer: What is 95 plus 53?,Solve the following and respond with only the final answer: What is 95 plus 79?,148
Solve the following and respond with only the final answer: What is 33 plus 69?,Solve the following and respond with only the final answer: What is 33 plus 10?,102
Solve the following and respond with only the final answer: What is 86 plus 43?,Solve the following and respond with only the final answer: What is 86 plus 51?,129
Solve the following and respond with only the final answer: What is 39 plus 13?,Solve the following and respond with only the final answer: What is 39 plus 54?,52
Solve the following and respond with only the final answer: What is 64 plus 11?,Solve the following and respond with only the final answer: What is 64 plus 94?,75
Solve the following and respond with only the final answer: What is 22 plus 50?,Solve the following and respond with only the final answer: What is 22 plus 96?,72
Solve the following and respond with only the final answer: What is 89 plus 87?,Solve the following and respond with only the final answer: What is 89 plus 83?,176
Solve the following and respond with only the final answer: What is 70 plus 77?,Solve the following and respond with only the final answer: What is 70 plus 72?,147
Solve the following and respond with only the final answer: What is 72 plus 18?,Solve the following and respond with only the final answer: What is 72 plus 83?,90
Solve the following and respond with only the final answer: What is 23 plus 99?,Solve the following and respond with only the final answer: What is 23 plus 52?,122
Solve the following and respond with only the final answer: What is 92 plus 20?,Solve the following and respond with only the final answer: What is 92 plus 77?,112
Solve the following and respond with only the final answer: What is 81 plus 71?,Solve the following and respond with only the final answer: What is 81 plus 66?,152
Solve the following and respond with only the final answer: What is 33 plus 64?,Solve the following and respond with only the final answer: What is 33 plus 33?,97
Solve the following and respond with only the final answer: What is 28 plus 97?,Solve the following and respond with only the final answer: What is 28 plus 75?,125
Solve the following and respond with only the final answer: What is 18 plus 14?,Solve the following and respond with only the final answer: What is 18 plus 19?,32
Solve the following and respond with only the final answer: What is 46 plus 50?,Solve the following and respond with only the final answer: What is 46 plus 73?,96
Solve the following and respond with only the final answer: What is 43 plus 56?,Solve the following and respond with only the final answer: What is 43 plus 75?,99
Solve the following and respond with only the final answer: What is 77 plus 77?,Solve the following and respond with only the final answer: What is 77 plus 41?,154
Solve the following and respond with only the final answer: What is 48 plus 42?,Solve the following and respond with only the final answer: What is 48 plus 44?,90
Solve the following and respond with only the final answer: What is 51 plus 56?,Solve the following and respond with only the final answer: What is 51 plus 29?,107
Solve the following and respond with only the final answer: What is 70 plus 38?,Solve the following and respond with only the final answer: What is 70 plus 72?,108
Solve the following and respond with only the final answer: What is 19 plus 80?,Solve the following and respond with only the final answer: What is 19 plus 64?,99
Solve the following and respond with only the final answer: What is 52 plus 44?,Solve the following and respond with only the final answer: What is 52 plus 79?,96
Solve the following and respond with only the final answer: What is 73 plus 38?,Solve the following and respond with only the final answer: What is 73 plus 17?,111
Solve the following and respond with only the final answer: What is 28 plus 88?,Solve the following and respond with only the final answer: What is 28 plus 17?,116
Solve the following and respond with only the final answer: What is 50 plus 78?,Solve the following and respond with only the final answer: What is 50 plus 89?,128
Solve the following and respond with only the final answer: What is 59 plus 82?,Solve the following and respond with only the final answer: What is 59 plus 29?,141
Solve the following and respond with only the final answer: What is 19 plus 98?,Solve the following and respond with only the final answer: What is 19 plus 16?,117
Solve the following and respond with only the final answer: What is 42 plus 92?,Solve the following and respond with only the final answer: What is 42 plus 88?,134
Solve the following and respond with only the final answer: What is 83 plus 81?,Solve the following and respond with only the final answer: What is 83 plus 15?,164
Solve the following and respond with only the final answer: What is 65 plus 19?,Solve the following and respond with only the final answer: What is 65 plus 18?,84
Solve the following and respond with only the final answer: What is 57 plus 48?,Solve the following and respond with only the final answer: What is 57 plus 92?,105
Solve the following and respond with only the final answer: What is 40 plus 53?,Solve the following and respond with only the final answer: What is 40 plus 96?,93
Solve the following and respond with only the final answer: What is 75 plus 30?,Solve the following and respond with only the final answer: What is 75 plus 27?,105
Solve the following and respond with only the final answer: What is 63 plus 73?,Solve the following and respond with only the final answer: What is 63 plus 71?,136
Solve the following and respond with only the final answer: What is 55 plus 64?,Solve the following and respond with only the final answer: What is 55 plus 62?,119
Solve the following and respond with only the final answer: What is 92 plus 66?,Solve the following and respond with only the final answer: What is 92 plus 66?,158
Solve the following and respond with only the final answer: What is 11 plus 47?,Solve the following and respond with only the final answer: What is 11 plus 93?,58
Solve the following and respond with only the final answer: What is 56 plus 56?,Solve the following and respond with only the final answer: What is 56 plus 63?,112
Solve the following and respond with only the final answer: What is 66 plus 58?,Solve the following and respond with only the final answer: What is 66 plus 91?,124
Solve the following and respond with only the final answer: What is 24 plus 48?,Solve the following and respond with only the final answer: What is 24 plus 76?,72
Solve the following and respond with only the final answer: What is 89 plus 65?,Solve the following and respond with only the final answer: What is 89 plus 39?,154
Solve the following and respond with only the final answer: What is 36 plus 54?,Solve the following and respond with only the final answer: What is 36 plus 10?,90
Solve the following and respond with only the final answer: What is 59 plus 75?,Solve the following and respond with only the final answer: What is 59 plus 88?,134
Solve the following and respond with only the final answer: What is 53 plus 29?,Solve the following and respond with only the final answer: What is 53 plus 24?,82
Solve the following and respond with only the final answer: What is 36 plus 78?,Solve the following and respond with only the final answer: What is 36 plus 92?,114
Solve the following and respond with only the final answer: What is 88 plus 35?,Solve the following and respond with only the final answer: What is 88 plus 68?,123
Solve the following and respond with only the final answer: What is 79 plus 84?,Solve the following and respond with only the final answer: What is 79 plus 99?,163
Solve the following and respond with only the final answer: What is 70 plus 79?,Solve the following and respond with only the final answer: What is 70 plus 22?,149
Solve the following and respond with only the final answer: What is 74 plus 11?,Solve the following and respond with only the final answer: What is 74 plus 39?,85
Solve the following and respond with only the final answer: What is 74 plus 31?,Solve the following and respond with only the final answer: What is 74 plus 92?,105
Solve the following and respond with only the final answer: What is 73 plus 54?,Solve the following and respond with only the final answer: What is 73 plus 18?,127
Solve the following and respond with only the final answer: What is 63 plus 57?,Solve the following and respond with only the final answer: What is 63 plus 69?,120
Solve the following and respond with only the final answer: What is 80 plus 30?,Solve the following and respond with only the final answer: What is 80 plus 78?,110
Solve the following and respond with only the final answer: What is 36 plus 51?,Solve the following and respond with only the final answer: What is 36 plus 45?,87
Solve the following and respond with only the final answer: What is 69 plus 46?,Solve the following and respond with only the final answer: What is 69 plus 46?,115
Solve the following and respond with only the final answer: What is 64 plus 44?,Solve the following and respond with only the final answer: What is 64 plus 67?,108
Solve the following and respond with only the final answer: What is 90 plus 30?,Solve the following and respond with only the final answer: What is 90 plus 54?,120
Solve the following and respond with only the final answer: What is 48 plus 68?,Solve the following and respond with only the final answer: What is 48 plus 89?,116
Solve the following and respond with only the final answer: What is 23 plus 23?,Solve the following and respond with only the final answer: What is 23 plus 22?,46
Solve the following and respond with only the final answer: What is 45 plus 96?,Solve the following and respond with only the final answer: What is 45 plus 63?,141
Solve the following and respond with only the final answer: What is 33 plus 81?,Solve the following and respond with only the final answer: What is 33 plus 52?,114
Solve the following and respond with only the final answer: What is 76 plus 98?,Solve the following and respond with only the final answer: What is 76 plus 53?,174
Solve the following and respond with only the final answer: What is 38 plus 86?,Solve the following and respond with only the final answer: What is 38 plus 14?,124
Solve the following and respond with only the final answer: What is 98 plus 28?,Solve the following and respond with only the final answer: What is 98 plus 39?,126
Solve the following and respond with only the final answer: What is 34 plus 19?,Solve the following and respond with only the final answer: What is 34 plus 92?,53
Solve the following and respond with only the final answer: What is 97 plus 92?,Solve the following and respond with only the final answer: What is 97 plus 53?,189
Solve the following and respond with only the final answer: What is 58 plus 95?,Solve the following and respond with only the final answer: What is 58 plus 16?,153
Solve the following and respond with only the final answer: What is 14 plus 21?,Solve the following and respond with only the final answer: What is 14 plus 38?,35
Solve the following and respond with only the final answer: What is 45 plus 53?,Solve the following and respond with only the final answer: What is 45 plus 43?,98
Solve the following and respond with only the final answer: What is 40 plus 73?,Solve the following and respond with only the final answer: What is 40 plus 37?,113
Solve the following and respond with only the final answer: What is 14 plus 77?,Solve the following and respond with only the final answer: What is 14 plus 55?,91
Solve the following and respond with only the final answer: What is 16 plus 42?,Solve the following and respond with only the final answer: What is 16 plus 38?,58
Solve the following and respond with only the final answer: What is 94 plus 43?,Solve the following and respond with only the final answer: What is 94 plus 61?,137
Solve the following and respond with only the final answer: What is 66 plus 55?,Solve the following and respond with only the final answer: What is 66 plus 32?,121
Solve the following and respond with only the final answer: What is 76 plus 97?,Solve the following and respond with only the final answer: What is 76 plus 85?,173
Solve the following and respond with only the final answer: What is 41 plus 36?,Solve the following and respond with only the final answer: What is 41 plus 52?,77
Solve the following and respond with only the final answer: What is 42 plus 63?,Solve the following and respond with only the final answer: What is 42 plus 16?,105
Solve the following and respond with only the final answer: What is 47 plus 91?,Solve the following and respond with only the final answer: What is 47 plus 63?,138
Solve the following and respond with only the final answer: What is 96 plus 98?,Solve the following and respond with only the final answer: What is 96 plus 45?,194
Solve the following and respond with only the final answer: What is 87 plus 83?,Solve the following and respond with only the final answer: What is 87 plus 42?,170
Solve the following and respond with only the final answer: What is 30 plus 22?,Solve the following and respond with only the final answer: What is 30 plus 55?,52
Solve the following and respond with only the final answer: What is 11 plus 82?,Solve the following and respond with only the final answer: What is 11 plus 63?,93
Solve the following and respond with only the final answer: What is 61 plus 55?,Solve the following and respond with only the final answer: What is 61 plus 52?,116
Solve the following and respond with only the final answer: What is 44 plus 48?,Solve the following and respond with only the final answer: What is 44 plus 78?,92
Solve the following and respond with only the final answer: What is 23 plus 48?,Solve the following and respond with only the final answer: What is 23 plus 28?,71
Solve the following and respond with only the final answer: What is 97 plus 92?,Solve the following and respond with only the final answer: What is 97 plus 72?,189
Solve the following and respond with only the final answer: What is 31 plus 36?,Solve the following and respond with only the final answer: What is 31 plus 43?,67
Solve the following and respond with only the final answer: What is 27 plus 98?,Solve the following and respond with only the final answer: What is 27 plus 48?,125
Solve the following and respond with only the final answer: What is 72 plus 21?,Solve the following and respond with only the final answer: What is 72 plus 17?,93
Solve the following and respond with only the final answer: What is 27 plus 93?,Solve the following and respond with only the final answer: What is 27 plus 18?,120
Solve the following and respond with only the final answer: What is 46 plus 54?,Solve the following and respond with only the final answer: What is 46 plus 87?,100
Solve the following and respond with only the final answer: What is 71 plus 31?,Solve the following and respond with only the final answer: What is 71 plus 64?,102
Solve the following and respond with only the final answer: What is 61 plus 99?,Solve the following and respond with only the final answer: What is 61 plus 37?,160
Solve the following and respond with only the final answer: What is 13 plus 66?,Solve the following and respond with only the final answer: What is 13 plus 60?,79
Solve the following and respond with only the final answer: What is 93 plus 87?,Solve the following and respond with only the final answer: What is 93 plus 84?,180
Solve the following and respond with only the final answer: What is 23 plus 43?,Solve the following and respond with only the final answer: What is 23 plus 31?,66
Solve the following and respond with only the final answer: What is 47 plus 51?,Solve the following and respond with only the final answer: What is 47 plus 25?,98
Solve the following and respond with only the final answer: What is 97 plus 95?,Solve the following and respond with only the final answer: What is 97 plus 63?,192
Solve the following and respond with only the final answer: What is 82 plus 54?,Solve the following and respond with only the final answer: What is 82 plus 73?,136
Solve the following and respond with only the final answer: What is 68 plus 59?,Solve the following and respond with only the final answer: What is 68 plus 96?,127
Solve the following and respond with only the final answer: What is 42 plus 36?,Solve the following and respond with only the final answer: What is 42 plus 82?,78
Solve the following and respond with only the final answer: What is 34 plus 76?,Solve the following and respond with only the final answer: What is 34 plus 28?,110
Solve the following and respond with only the final answer: What is 22 plus 59?,Solve the following and respond with only the final answer: What is 22 plus 70?,81
Solve the following and respond with only the final answer: What is 74 plus 58?,Solve the following and respond with only the final answer: What is 74 plus 17?,132
Solve the following and respond with only the final answer: What is 87 plus 83?,Solve the following and respond with only the final answer: What is 87 plus 45?,170
Solve the following and respond with only the final answer: What is 89 plus 16?,Solve the following and respond with only the final answer: What is 89 plus 31?,105
Solve the following and respond with only the final answer: What is 36 plus 61?,Solve the following and respond with only the final answer: What is 36 plus 28?,97
Solve the following and respond with only the final answer: What is 29 plus 21?,Solve the following and respond with only the final answer: What is 29 plus 68?,50
Solve the following and respond with only the final answer: What is 22 plus 93?,Solve the following and respond with only the final answer: What is 22 plus 44?,115
Solve the following and respond with only the final answer: What is 22 plus 47?,Solve the following and respond with only the final answer: What is 22 plus 16?,69
Solve the following and respond with only the final answer: What is 35 plus 70?,Solve the following and respond with only the final answer: What is 35 plus 18?,105
Solve the following and respond with only the final answer: What is 12 plus 16?,Solve the following and respond with only the final answer: What is 12 plus 87?,28
Solve the following and respond with only the final answer: What is 54 plus 96?,Solve the following and respond with only the final answer: What is 54 plus 54?,150
Solve the following and respond with only the final answer: What is 97 plus 17?,Solve the following and respond with only the final answer: What is 97 plus 29?,114
Solve the following and respond with only the final answer: What is 78 plus 97?,Solve the following and respond with only the final answer: What is 78 plus 44?,175
Solve the following and respond with only the final answer: What is 32 plus 74?,Solve the following and respond with only the final answer: What is 32 plus 19?,106
Solve the following and respond with only the final answer: What is 26 plus 14?,Solve the following and respond with only the final answer: What is 26 plus 68?,40
Solve the following and respond with only the final answer: What is 76 plus 83?,Solve the following and respond with only the final answer: What is 76 plus 18?,159
Solve the following and respond with only the final answer: What is 34 plus 59?,Solve the following and respond with only the final answer: What is 34 plus 99?,93
Solve the following and respond with only the final answer: What is 84 plus 98?,Solve the following and respond with only the final answer: What is 84 plus 98?,182
Solve the following and respond with only the final answer: What is 50 plus 96?,Solve the following and respond with only the final answer: What is 50 plus 73?,146
Solve the following and respond with only the final answer: What is 58 plus 34?,Solve the following and respond with only the final answer: What is 58 plus 21?,92
Solve the following and respond with only the final answer: What is 40 plus 97?,Solve the following and respond with only the final answer: What is 40 plus 10?,137
Solve the following and respond with only the final answer: What is 37 plus 71?,Solve the following and respond with only the final answer: What is 37 plus 39?,108
Solve the following and respond with only the final answer: What is 48 plus 48?,Solve the following and respond with only the final answer: What is 48 plus 78?,96
Solve the following and respond with only the final answer: What is 90 plus 10?,Solve the following and respond with only the final answer: What is 90 plus 41?,100
Solve the following and respond with only the final answer: What is 34 plus 97?,Solve the following and respond with only the final answer: What is 34 plus 46?,131
Solve the following and respond with only the final answer: What is 19 plus 89?,Solve the following and respond with only the final answer: What is 19 plus 46?,108
Solve the following and respond with only the final answer: What is 48 plus 17?,Solve the following and respond with only the final answer: What is 48 plus 47?,65
Solve the following and respond with only the final answer: What is 48 plus 70?,Solve the following and respond with only the final answer: What is 48 plus 35?,118
Solve the following and respond with only the final answer: What is 81 plus 95?,Solve the following and respond with only the final answer: What is 81 plus 64?,176
Solve the following and respond with only the final answer: What is 13 plus 62?,Solve the following and respond with only the final answer: What is 13 plus 93?,75
Solve the following and respond with only the final answer: What is 15 plus 51?,Solve the following and respond with only the final answer: What is 15 plus 61?,66
Solve the following and respond with only the final answer: What is 27 plus 21?,Solve the following and respond with only the final answer: What is 27 plus 43?,48
Solve the following and respond with only the final answer: What is 61 plus 79?,Solve the following and respond with only the final answer: What is 61 plus 40?,140
Solve the following and respond with only the final answer: What is 90 plus 60?,Solve the following and respond with only the final answer: What is 90 plus 70?,150
Solve the following and respond with only the final answer: What is 65 plus 84?,Solve the following and respond with only the final answer: What is 65 plus 65?,149
Solve the following and respond with only the final answer: What is 52 plus 67?,Solve the following and respond with only the final answer: What is 52 plus 15?,119
Solve the following and respond with only the final answer: What is 59 plus 50?,Solve the following and respond with only the final answer: What is 59 plus 65?,109
Solve the following and respond with only the final answer: What is 12 plus 67?,Solve the following and respond with only the final answer: What is 12 plus 61?,79
Solve the following and respond with only the final answer: What is 57 plus 91?,Solve the following and respond with only the final answer: What is 57 plus 22?,148
Solve the following and respond with only the final answer: What is 26 plus 53?,Solve the following and respond with only the final answer: What is 26 plus 52?,79
Solve the following and respond with only the final answer: What is 22 plus 35?,Solve the following and respond with only the final answer: What is 22 plus 51?,57
Solve the following and respond with only the final answer: What is 86 plus 76?,Solve the following and respond with only the final answer: What is 86 plus 22?,162
Solve the following and respond with only the final answer: What is 98 plus 75?,Solve the following and respond with only the final answer: What is 98 plus 58?,173
Solve the following and respond with only the final answer: What is 86 plus 41?,Solve the following and respond with only the final answer: What is 86 plus 62?,127
Solve the following and respond with only the final answer: What is 12 plus 98?,Solve the following and respond with only the final answer: What is 12 plus 69?,110
Solve the following and respond with only the final answer: What is 51 plus 15?,Solve the following and respond with only the final answer: What is 51 plus 84?,66
Solve the following and respond with only the final answer: What is 22 plus 15?,Solve the following and respond with only the final answer: What is 22 plus 65?,37
Solve the following and respond with only the final answer: What is 52 plus 73?,Solve the following and respond with only the final answer: What is 52 plus 37?,125
Solve the following and respond with only the final answer: What is 71 plus 32?,Solve the following and respond with only the final answer: What is 71 plus 25?,103
Solve the following and respond with only the final answer: What is 53 plus 70?,Solve the following and respond with only the final answer: What is 53 plus 32?,123
Solve the following and respond with only the final answer: What is 83 plus 11?,Solve the following and respond with only the final answer: What is 83 plus 69?,94
Solve the following and respond with only the final answer: What is 26 plus 50?,Solve the following and respond with only the final answer: What is 26 plus 70?,76
Solve the following and respond with only the final answer: What is 58 plus 90?,Solve the following and respond with only the final answer: What is 58 plus 65?,148
Solve the following and respond with only the final answer: What is 20 plus 69?,Solve the following and respond with only the final answer: What is 20 plus 81?,89
Solve the following and respond with only the final answer: What is 37 plus 74?,Solve the following and respond with only the final answer: What is 37 plus 62?,111
Solve the following and respond with only the final answer: What is 63 plus 71?,Solve the following and respond with only the final answer: What is 63 plus 94?,134
Solve the following and respond with only the final answer: What is 43 plus 32?,Solve the following and respond with only the final answer: What is 43 plus 77?,75
Solve the following and respond with only the final answer: What is 73 plus 69?,Solve the following and respond with only the final answer: What is 73 plus 43?,142
Solve the following and respond with only the final answer: What is 15 plus 44?,Solve the following and respond with only the final answer: What is 15 plus 33?,59
Solve the following and respond with only the final answer: What is 28 plus 45?,Solve the following and respond with only the final answer: What is 28 plus 22?,73
Solve the following and respond with only the final answer: What is 26 plus 15?,Solve the following and respond with only the final answer: What is 26 plus 13?,41
Solve the following and respond with only the final answer: What is 45 plus 23?,Solve the following and respond with only the final answer: What is 45 plus 23?,68
Solve the following and respond with only the final answer: What is 34 plus 97?,Solve the following and respond with only the final answer: What is 34 plus 51?,131
Solve the following and respond with only the final answer: What is 70 plus 44?,Solve the following and respond with only the final answer: What is 70 plus 79?,114
Solve the following and respond with only the final answer: What is 61 plus 53?,Solve the following and respond with only the final answer: What is 61 plus 58?,114
Solve the following and respond with only the final answer: What is 60 plus 71?,Solve the following and respond with only the final answer: What is 60 plus 78?,131
Solve the following and respond with only the final answer: What is 54 plus 18?,Solve the following and respond with only the final answer: What is 54 plus 42?,72
Solve the following and respond with only the final answer: What is 77 plus 14?,Solve the following and respond with only the final answer: What is 77 plus 95?,91
Solve the following and respond with only the final answer: What is 22 plus 15?,Solve the following and respond with only the final answer: What is 22 plus 93?,37
Solve the following and respond with only the final answer: What is 68 plus 98?,Solve the following and respond with only the final answer: What is 68 plus 93?,166
Solve the following and respond with only the final answer: What is 76 plus 62?,Solve the following and respond with only the final answer: What is 76 plus 21?,138
Solve the following and respond with only the final answer: What is 61 plus 77?,Solve the following and respond with only the final answer: What is 61 plus 66?,138
Solve the following and respond with only the final answer: What is 59 plus 78?,Solve the following and respond with only the final answer: What is 59 plus 73?,137
Solve the following and respond with only the final answer: What is 33 plus 16?,Solve the following and respond with only the final answer: What is 33 plus 69?,49
Solve the following and respond with only the final answer: What is 48 plus 68?,Solve the following and respond with only the final answer: What is 48 plus 28?,116
Solve the following and respond with only the final answer: What is 97 plus 90?,Solve the following and respond with only the final answer: What is 97 plus 56?,187
Solve the following and respond with only the final answer: What is 33 plus 58?,Solve the following and respond with only the final answer: What is 33 plus 56?,91
Solve the following and respond with only the final answer: What is 69 plus 65?,Solve the following and respond with only the final answer: What is 69 plus 39?,134
Solve the following and respond with only the final answer: What is 62 plus 74?,Solve the following and respond with only the final answer: What is 62 plus 46?,136
Solve the following and respond with only the final answer: What is 15 plus 32?,Solve the following and respond with only the final answer: What is 15 plus 21?,47
Solve the following and respond with only the final answer: What is 89 plus 10?,Solve the following and respond with only the final answer: What is 89 plus 48?,99
Solve the following and respond with only the final answer: What is 89 plus 70?,Solve the following and respond with only the final answer: What is 89 plus 22?,159
Solve the following and respond with only the final answer: What is 89 plus 94?,Solve the following and respond with only the final answer: What is 89 plus 95?,183
Solve the following and respond with only the final answer: What is 65 plus 76?,Solve the following and respond with only the final answer: What is 65 plus 47?,141
Solve the following and respond with only the final answer: What is 31 plus 52?,Solve the following and respond with only the final answer: What is 31 plus 82?,83
Solve the following and respond with only the final answer: What is 94 plus 66?,Solve the following and respond with only the final answer: What is 94 plus 95?,160
Solve the following and respond with only the final answer: What is 92 plus 56?,Solve the following and respond with only the final answer: What is 92 plus 55?,148
Solve the following and respond with only the final answer: What is 12 plus 64?,Solve the following and respond with only the final answer: What is 12 plus 62?,76
Solve the following and respond with only the final answer: What is 68 plus 51?,Solve the following and respond with only the final answer: What is 68 plus 96?,119
Solve the following and respond with only the final answer: What is 62 plus 62?,Solve the following and respond with only the final answer: What is 62 plus 48?,124
Solve the following and respond with only the final answer: What is 68 plus 99?,Solve the following and respond with only the final answer: What is 68 plus 81?,167
Solve the following and respond with only the final answer: What is 48 plus 91?,Solve the following and respond with only the final answer: What is 48 plus 71?,139
Solve the following and respond with only the final answer: What is 75 plus 11?,Solve the following and respond with only the final answer: What is 75 plus 94?,86
Solve the following and respond with only the final answer: What is 29 plus 28?,Solve the following and respond with only the final answer: What is 29 plus 96?,57
Solve the following and respond with only the final answer: What is 78 plus 51?,Solve the following and respond with only the final answer: What is 78 plus 29?,129
Solve the following and respond with only the final answer: What is 56 plus 70?,Solve the following and respond with only the final answer: What is 56 plus 88?,126
Solve the following and respond with only the final answer: What is 36 plus 39?,Solve the following and respond with only the final answer: What is 36 plus 77?,75
Solve the following and respond with only the final answer: What is 83 plus 21?,Solve the following and respond with only the final answer: What is 83 plus 66?,104
Solve the following and respond with only the final answer: What is 40 plus 23?,Solve the following and respond with only the final answer: What is 40 plus 29?,63
Solve the following and respond with only the final answer: What is 98 plus 99?,Solve the following and respond with only the final answer: What is 98 plus 82?,197
Solve the following and respond with only the final answer: What is 79 plus 45?,Solve the following and respond with only the final answer: What is 79 plus 40?,124
Solve the following and respond with only the final answer: What is 77 plus 45?,Solve the following and respond with only the final answer: What is 77 plus 13?,122
Solve the following and respond with only the final answer: What is 81 plus 14?,Solve the following and respond with only the final answer: What is 81 plus 34?,95
Solve the following and respond with only the final answer: What is 44 plus 73?,Solve the following and respond with only the final answer: What is 44 plus 65?,117
Solve the following and respond with only the final answer: What is 13 plus 11?,Solve the following and respond with only the final answer: What is 13 plus 74?,24
Solve the following and respond with only the final answer: What is 16 plus 47?,Solve the following and respond with only the final answer: What is 16 plus 63?,63
Solve the following and respond with only the final answer: What is 36 plus 93?,Solve the following and respond with only the final answer: What is 36 plus 75?,129
Solve the following and respond with only the final answer: What is 68 plus 84?,Solve the following and respond with only the final answer: What is 68 plus 72?,152
Solve the following and respond with only the final answer: What is 77 plus 63?,Solve the following and respond with only the final answer: What is 77 plus 14?,140
Solve the following and respond with only the final answer: What is 45 plus 46?,Solve the following and respond with only the final answer: What is 45 plus 62?,91
Solve the following and respond with only the final answer: What is 58 plus 82?,Solve the following and respond with only the final answer: What is 58 plus 93?,140
Solve the following and respond with only the final answer: What is 34 plus 23?,Solve the following and respond with only the final answer: What is 34 plus 20?,57
Solve the following and respond with only the final answer: What is 10 plus 25?,Solve the following and respond with only the final answer: What is 10 plus 54?,35
Solve the following and respond with only the final answer: What is 68 plus 92?,Solve the following and respond with only the final answer: What is 68 plus 61?,160
Solve the following and respond with only the final answer: What is 32 plus 39?,Solve the following and respond with only the final answer: What is 32 plus 31?,71
Solve the following and respond with only the final answer: What is 93 plus 93?,Solve the following and respond with only the final answer: What is 93 plus 62?,186
Solve the following and respond with only the final answer: What is 62 plus 95?,Solve the following and respond with only the final answer: What is 62 plus 11?,157
Solve the following and respond with only the final answer: What is 24 plus 34?,Solve the following and respond with only the final answer: What is 24 plus 43?,58
Solve the following and respond with only the final answer: What is 24 plus 11?,Solve the following and respond with only the final answer: What is 24 plus 12?,35
Solve the following and respond with only the final answer: What is 76 plus 19?,Solve the following and respond with only the final answer: What is 76 plus 39?,95
Solve the following and respond with only the final answer: What is 73 plus 24?,Solve the following and respond with only the final answer: What is 73 plus 97?,97
Solve the following and respond with only the final answer: What is 49 plus 41?,Solve the following and respond with only the final answer: What is 49 plus 52?,90
Solve the following and respond with only the final answer: What is 50 plus 94?,Solve the following and respond with only the final answer: What is 50 plus 34?,144
Solve the following and respond with only the final answer: What is 65 plus 84?,Solve the following and respond with only the final answer: What is 65 plus 41?,149
Solve the following and respond with only the final answer: What is 66 plus 46?,Solve the following and respond with only the final answer: What is 66 plus 92?,112
Solve the following and respond with only the final answer: What is 98 plus 28?,Solve the following and respond with only the final answer: What is 98 plus 80?,126
Solve the following and respond with only the final answer: What is 48 plus 93?,Solve the following and respond with only the final answer: What is 48 plus 61?,141
Solve the following and respond with only the final answer: What is 23 plus 57?,Solve the following and respond with only the final answer: What is 23 plus 11?,80
Solve the following and respond with only the final answer: What is 12 plus 77?,Solve the following and respond with only the final answer: What is 12 plus 57?,89
Solve the following and respond with only the final answer: What is 44 plus 26?,Solve the following and respond with only the final answer: What is 44 plus 23?,70
Solve the following and respond with only the final answer: What is 89 plus 65?,Solve the following and respond with only the final answer: What is 89 plus 43?,154
Solve the following and respond with only the final answer: What is 66 plus 34?,Solve the following and respond with only the final answer: What is 66 plus 56?,100
Solve the following and respond with only the final answer: What is 66 plus 35?,Solve the following and respond with only the final answer: What is 66 plus 56?,101
Solve the following and respond with only the final answer: What is 85 plus 14?,Solve the following and respond with only the final answer: What is 85 plus 70?,99
Solve the following and respond with only the final answer: What is 16 plus 80?,Solve the following and respond with only the final answer: What is 16 plus 78?,96
Solve the following and respond with only the final answer: What is 63 plus 48?,Solve the following and respond with only the final answer: What is 63 plus 99?,111
Solve the following and respond with only the final answer: What is 59 plus 54?,Solve the following and respond with only the final answer: What is 59 plus 45?,113
Solve the following and respond with only the final answer: What is 18 plus 32?,Solve the following and respond with only the final answer: What is 18 plus 18?,50
Solve the following and respond with only the final answer: What is 72 plus 60?,Solve the following and respond with only the final answer: What is 72 plus 68?,132
Solve the following and respond with only the final answer: What is 85 plus 84?,Solve the following and respond with only the final answer: What is 85 plus 86?,169
Solve the following and respond with only the final answer: What is 92 plus 74?,Solve the following and respond with only the final answer: What is 92 plus 96?,166
Solve the following and respond with only the final answer: What is 36 plus 88?,Solve the following and respond with only the final answer: What is 36 plus 57?,124
Solve the following and respond with only the final answer: What is 70 plus 34?,Solve the following and respond with only the final answer: What is 70 plus 97?,104
Solve the following and respond with only the final answer: What is 90 plus 87?,Solve the following and respond with only the final answer: What is 90 plus 77?,177
Solve the following and respond with only the final answer: What is 54 plus 16?,Solve the following and respond with only the final answer: What is 54 plus 56?,70
Solve the following and respond with only the final answer: What is 62 plus 84?,Solve the following and respond with only the final answer: What is 62 plus 75?,146
Solve the following and respond with only the final answer: What is 64 plus 59?,Solve the following and respond with only the final answer: What is 64 plus 31?,123
Solve the following and respond with only the final answer: What is 30 plus 33?,Solve the following and respond with only the final answer: What is 30 plus 44?,63
Solve the following and respond with only the final answer: What is 17 plus 28?,Solve the following and respond with only the final answer: What is 17 plus 90?,45
Solve the following and respond with only the final answer: What is 19 plus 39?,Solve the following and respond with only the final answer: What is 19 plus 63?,58
Solve the following and respond with only the final answer: What is 31 plus 53?,Solve the following and respond with only the final answer: What is 31 plus 59?,84
Solve the following and respond with only the final answer: What is 64 plus 59?,Solve the following and respond with only the final answer: What is 64 plus 73?,123
Solve the following and respond with only the final answer: What is 85 plus 21?,Solve the following and respond with only the final answer: What is 85 plus 61?,106
Solve the following and respond with only the final answer: What is 82 plus 29?,Solve the following and respond with only the final answer: What is 82 plus 50?,111
Solve the following and respond with only the final answer: What is 92 plus 23?,Solve the following and respond with only the final answer: What is 92 plus 91?,115
Solve the following and respond with only the final answer: What is 56 plus 39?,Solve the following and respond with only the final answer: What is 56 plus 64?,95
Solve the following and respond with only the final answer: What is 29 plus 75?,Solve the following and respond with only the final answer: What is 29 plus 80?,104
Solve the following and respond with only the final answer: What is 86 plus 47?,Solve the following and respond with only the final answer: What is 86 plus 41?,133
Solve the following and respond with only the final answer: What is 96 plus 56?,Solve the following and respond with only the final answer: What is 96 plus 86?,152
Solve the following and respond with only the final answer: What is 84 plus 95?,Solve the following and respond with only the final answer: What is 84 plus 97?,179
Solve the following and respond with only the final answer: What is 48 plus 99?,Solve the following and respond with only the final answer: What is 48 plus 53?,147
Solve the following and respond with only the final answer: What is 61 plus 81?,Solve the following and respond with only the final answer: What is 61 plus 37?,142
Solve the following and respond with only the final answer: What is 30 plus 31?,Solve the following and respond with only the final answer: What is 30 plus 91?,61
Solve the following and respond with only the final answer: What is 56 plus 93?,Solve the following and respond with only the final answer: What is 56 plus 50?,149
Solve the following and respond with only the final answer: What is 66 plus 30?,Solve the following and respond with only the final answer: What is 66 plus 76?,96
Solve the following and respond with only the final answer: What is 61 plus 97?,Solve the following and respond with only the final answer: What is 61 plus 88?,158
Solve the following and respond with only the final answer: What is 73 plus 94?,Solve the following and respond with only the final answer: What is 73 plus 76?,167
Solve the following and respond with only the final answer: What is 67 plus 40?,Solve the following and respond with only the final answer: What is 67 plus 65?,107
Solve the following and respond with only the final answer: What is 70 plus 71?,Solve the following and respond with only the final answer: What is 70 plus 92?,141
Solve the following and respond with only the final answer: What is 61 plus 77?,Solve the following and respond with only the final answer: What is 61 plus 56?,138
Solve the following and respond with only the final answer: What is 40 plus 67?,Solve the following and respond with only the final answer: What is 40 plus 27?,107
Solve the following and respond with only the final answer: What is 53 plus 59?,Solve the following and respond with only the final answer: What is 53 plus 40?,112
Solve the following and respond with only the final answer: What is 77 plus 26?,Solve the following and respond with only the final answer: What is 77 plus 59?,103
Solve the following and respond with only the final answer: What is 47 plus 23?,Solve the following and respond with only the final answer: What is 47 plus 65?,70
Solve the following and respond with only the final answer: What is 88 plus 76?,Solve the following and respond with only the final answer: What is 88 plus 34?,164
Solve the following and respond with only the final answer: What is 30 plus 60?,Solve the following and respond with only the final answer: What is 30 plus 57?,90
Solve the following and respond with only the final answer: What is 50 plus 54?,Solve the following and respond with only the final answer: What is 50 plus 36?,104
Solve the following and respond with only the final answer: What is 23 plus 67?,Solve the following and respond with only the final answer: What is 23 plus 34?,90
Solve the following and respond with only the final answer: What is 19 plus 71?,Solve the following and respond with only the final answer: What is 19 plus 38?,90
Solve the following and respond with only the final answer: What is 83 plus 41?,Solve the following and respond with only the final answer: What is 83 plus 59?,124
Solve the following and respond with only the final answer: What is 75 plus 10?,Solve the following and respond with only the final answer: What is 75 plus 96?,85
Solve the following and respond with only the final answer: What is 33 plus 53?,Solve the following and respond with only the final answer: What is 33 plus 87?,86
Solve the following and respond with only the final answer: What is 42 plus 65?,Solve the following and respond with only the final answer: What is 42 plus 24?,107
Solve the following and respond with only the final answer: What is 96 plus 95?,Solve the following and respond with only the final answer: What is 96 plus 82?,191
Solve the following and respond with only the final answer: What is 52 plus 41?,Solve the following and respond with only the final answer: What is 52 plus 91?,93
Solve the following and respond with only the final answer: What is 74 plus 23?,Solve the following and respond with only the final answer: What is 74 plus 51?,97
Solve the following and respond with only the final answer: What is 43 plus 43?,Solve the following and respond with only the final answer: What is 43 plus 92?,86
Solve the following and respond with only the final answer: What is 12 plus 64?,Solve the following and respond with only the final answer: What is 12 plus 75?,76
Solve the following and respond with only the final answer: What is 89 plus 26?,Solve the following and respond with only the final answer: What is 89 plus 43?,115
Solve the following and respond with only the final answer: What is 11 plus 39?,Solve the following and respond with only the final answer: What is 11 plus 73?,50
Solve the following and respond with only the final answer: What is 49 plus 57?,Solve the following and respond with only the final answer: What is 49 plus 43?,106
Solve the following and respond with only the final answer: What is 39 plus 85?,Solve the following and respond with only the final answer: What is 39 plus 26?,124
Solve the following and respond with only the final answer: What is 19 plus 67?,Solve the following and respond with only the final answer: What is 19 plus 97?,86
Solve the following and respond with only the final answer: What is 16 plus 66?,Solve the following and respond with only the final answer: What is 16 plus 35?,82
Solve the following and respond with only the final answer: What is 51 plus 78?,Solve the following and respond with only the final answer: What is 51 plus 18?,129
Solve the following and respond with only the final answer: What is 62 plus 98?,Solve the following and respond with only the final answer: What is 62 plus 90?,160
Solve the following and respond with only the final answer: What is 56 plus 63?,Solve the following and respond with only the final answer: What is 56 plus 90?,119
Solve the following and respond with only the final answer: What is 65 plus 20?,Solve the following and respond with only the final answer: What is 65 plus 77?,85
Solve the following and respond with only the final answer: What is 64 plus 22?,Solve the following and respond with only the final answer: What is 64 plus 45?,86
Solve the following and respond with only the final answer: What is 10 plus 84?,Solve the following and respond with only the final answer: What is 10 plus 57?,94
Solve the following and respond with only the final answer: What is 53 plus 92?,Solve the following and respond with only the final answer: What is 53 plus 48?,145
Solve the following and respond with only the final answer: What is 11 plus 26?,Solve the following and respond with only the final answer: What is 11 plus 47?,37
Solve the following and respond with only the final answer: What is 15 plus 50?,Solve the following and respond with only the final answer: What is 15 plus 67?,65
Solve the following and respond with only the final answer: What is 60 plus 84?,Solve the following and respond with only the final answer: What is 60 plus 34?,144
Solve the following and respond with only the final answer: What is 20 plus 39?,Solve the following and respond with only the final answer: What is 20 plus 62?,59
Solve the following and respond with only the final answer: What is 39 plus 14?,Solve the following and respond with only the final answer: What is 39 plus 48?,53
Solve the following and respond with only the final answer: What is 68 plus 58?,Solve the following and respond with only the final answer: What is 68 plus 91?,126
Solve the following and respond with only the final answer: What is 94 plus 85?,Solve the following and respond with only the final answer: What is 94 plus 89?,179
Solve the following and respond with only the final answer: What is 62 plus 56?,Solve the following and respond with only the final answer: What is 62 plus 32?,118
Solve the following and respond with only the final answer: What is 36 plus 48?,Solve the following and respond with only the final answer: What is 36 plus 11?,84
Solve the following and respond with only the final answer: What is 79 plus 83?,Solve the following and respond with only the final answer: What is 79 plus 89?,162
Solve the following and respond with only the final answer: What is 32 plus 68?,Solve the following and respond with only the final answer: What is 32 plus 28?,100
Solve the following and respond with only the final answer: What is 78 plus 57?,Solve the following and respond with only the final answer: What is 78 plus 56?,135
Solve the following and respond with only the final answer: What is 69 plus 75?,Solve the following and respond with only the final answer: What is 69 plus 11?,144
Solve the following and respond with only the final answer: What is 45 plus 48?,Solve the following and respond with only the final answer: What is 45 plus 59?,93
Solve the following and respond with only the final answer: What is 17 plus 74?,Solve the following and respond with only the final answer: What is 17 plus 44?,91
Solve the following and respond with only the final answer: What is 95 plus 45?,Solve the following and respond with only the final answer: What is 95 plus 62?,140
Solve the following and respond with only the final answer: What is 81 plus 43?,Solve the following and respond with only the final answer: What is 81 plus 81?,124
Solve the following and respond with only the final answer: What is 59 plus 51?,Solve the following and respond with only the final answer: What is 59 plus 13?,110
Solve the following and respond with only the final answer: What is 76 plus 17?,Solve the following and respond with only the final answer: What is 76 plus 56?,93
Solve the following and respond with only the final answer: What is 95 plus 32?,Solve the following and respond with only the final answer: What is 95 plus 26?,127
Solve the following and respond with only the final answer: What is 66 plus 31?,Solve the following and respond with only the final answer: What is 66 plus 15?,97
Solve the following and respond with only the final answer: What is 84 plus 31?,Solve the following and respond with only the final answer: What is 84 plus 17?,115
Solve the following and respond with only the final answer: What is 59 plus 72?,Solve the following and respond with only the final answer: What is 59 plus 89?,131
Solve the following and respond with only the final answer: What is 66 plus 72?,Solve the following and respond with only the final answer: What is 66 plus 34?,138
Solve the following and respond with only the final answer: What is 79 plus 13?,Solve the following and respond with only the final answer: What is 79 plus 13?,92
Solve the following and respond with only the final answer: What is 89 plus 22?,Solve the following and respond with only the final answer: What is 89 plus 32?,111
Solve the following and respond with only the final answer: What is 93 plus 92?,Solve the following and respond with only the final answer: What is 93 plus 11?,185
Solve the following and respond with only the final answer: What is 15 plus 38?,Solve the following and respond with only the final answer: What is 15 plus 89?,53
Solve the following and respond with only the final answer: What is 10 plus 18?,Solve the following and respond with only the final answer: What is 10 plus 76?,28
Solve the following and respond with only the final answer: What is 52 plus 84?,Solve the following and respond with only the final answer: What is 52 plus 58?,136
Solve the following and respond with only the final answer: What is 79 plus 95?,Solve the following and respond with only the final answer: What is 79 plus 78?,174
Solve the following and respond with only the final answer: What is 49 plus 81?,Solve the following and respond with only the final answer: What is 49 plus 37?,130
Solve the following and respond with only the final answer: What is 83 plus 65?,Solve the following and respond with only the final answer: What is 83 plus 83?,148
Solve the following and respond with only the final answer: What is 94 plus 69?,Solve the following and respond with only the final answer: What is 94 plus 87?,163
Solve the following and respond with only the final answer: What is 36 plus 70?,Solve the following and respond with only the final answer: What is 36 plus 73?,106
Solve the following and respond with only the final answer: What is 63 plus 91?,Solve the following and respond with only the final answer: What is 63 plus 61?,154
Solve the following and respond with only the final answer: What is 27 plus 21?,Solve the following and respond with only the final answer: What is 27 plus 30?,48
Solve the following and respond with only the final answer: What is 99 plus 44?,Solve the following and respond with only the final answer: What is 99 plus 63?,143
Solve the following and respond with only the final answer: What is 48 plus 33?,Solve the following and respond with only the final answer: What is 48 plus 99?,81
Solve the following and respond with only the final answer: What is 49 plus 61?,Solve the following and respond with only the final answer: What is 49 plus 17?,110
Solve the following and respond with only the final answer: What is 71 plus 90?,Solve the following and respond with only the final answer: What is 71 plus 98?,161
Solve the following and respond with only the final answer: What is 64 plus 57?,Solve the following and respond with only the final answer: What is 64 plus 93?,121
Solve the following and respond with only the final answer: What is 60 plus 37?,Solve the following and respond with only the final answer: What is 60 plus 94?,97
Solve the following and respond with only the final answer: What is 44 plus 98?,Solve the following and respond with only the final answer: What is 44 plus 90?,142
Solve the following and respond with only the final answer: What is 41 plus 99?,Solve the following and respond with only the final answer: What is 41 plus 87?,140
Solve the following and respond with only the final answer: What is 18 plus 74?,Solve the following and respond with only the final answer: What is 18 plus 90?,92
Solve the following and respond with only the final answer: What is 46 plus 34?,Solve the following and respond with only the final answer: What is 46 plus 61?,80
Solve the following and respond with only the final answer: What is 49 plus 43?,Solve the following and respond with only the final answer: What is 49 plus 97?,92
Solve the following and respond with only the final answer: What is 70 plus 43?,Solve the following and respond with only the final answer: What is 70 plus 23?,113
Solve the following and respond with only the final answer: What is 65 plus 93?,Solve the following and respond with only the final answer: What is 65 plus 15?,158
Solve the following and respond with only the final answer: What is 44 plus 99?,Solve the following and respond with only the final answer: What is 44 plus 42?,143
Solve the following and respond with only the final answer: What is 98 plus 33?,Solve the following and respond with only the final answer: What is 98 plus 94?,131
Solve the following and respond with only the final answer: What is 44 plus 66?,Solve the following and respond with only the final answer: What is 44 plus 24?,110
Solve the following and respond with only the final answer: What is 29 plus 92?,Solve the following and respond with only the final answer: What is 29 plus 20?,121
Solve the following and respond with only the final answer: What is 10 plus 47?,Solve the following and respond with only the final answer: What is 10 plus 59?,57
Solve the following and respond with only the final answer: What is 12 plus 34?,Solve the following and respond with only the final answer: What is 12 plus 39?,46
Solve the following and respond with only the final answer: What is 17 plus 11?,Solve the following and respond with only the final answer: What is 17 plus 86?,28
Solve the following and respond with only the final answer: What is 76 plus 14?,Solve the following and respond with only the final answer: What is 76 plus 28?,90
Solve the following and respond with only the final answer: What is 30 plus 57?,Solve the following and respond with only the final answer: What is 30 plus 35?,87
Solve the following and respond with only the final answer: What is 63 plus 61?,Solve the following and respond with only the final answer: What is 63 plus 85?,124
Solve the following and respond with only the final answer: What is 76 plus 35?,Solve the following and respond with only the final answer: What is 76 plus 47?,111
Solve the following and respond with only the final answer: What is 50 plus 99?,Solve the following and respond with only the final answer: What is 50 plus 69?,149
Solve the following and respond with only the final answer: What is 56 plus 13?,Solve the following and respond with only the final answer: What is 56 plus 36?,69
Solve the following and respond with only the final answer: What is 25 plus 23?,Solve the following and respond with only the final answer: What is 25 plus 56?,48
Solve the following and respond with only the final answer: What is 84 plus 75?,Solve the following and respond with only the final answer: What is 84 plus 71?,159
Solve the following and respond with only the final answer: What is 48 plus 51?,Solve the following and respond with only the final answer: What is 48 plus 92?,99
Solve the following and respond with only the final answer: What is 62 plus 17?,Solve the following and respond with only the final answer: What is 62 plus 27?,79
Solve the following and respond with only the final answer: What is 67 plus 33?,Solve the following and respond with only the final answer: What is 67 plus 62?,100
Solve the following and respond with only the final answer: What is 45 plus 22?,Solve the following and respond with only the final answer: What is 45 plus 20?,67
Solve the following and respond with only the final answer: What is 80 plus 69?,Solve the following and respond with only the final answer: What is 80 plus 72?,149
Solve the following and respond with only the final answer: What is 70 plus 65?,Solve the following and respond with only the final answer: What is 70 plus 67?,135
Solve the following and respond with only the final answer: What is 59 plus 68?,Solve the following and respond with only the final answer: What is 59 plus 75?,127
Solve the following and respond with only the final answer: What is 86 plus 37?,Solve the following and respond with only the final answer: What is 86 plus 74?,123
Solve the following and respond with only the final answer: What is 92 plus 50?,Solve the following and respond with only the final answer: What is 92 plus 75?,142
Solve the following and respond with only the final answer: What is 74 plus 96?,Solve the following and respond with only the final answer: What is 74 plus 51?,170
Solve the following and respond with only the final answer: What is 77 plus 23?,Solve the following and respond with only the final answer: What is 77 plus 43?,100
Solve the following and respond with only the final answer: What is 37 plus 16?,Solve the following and respond with only the final answer: What is 37 plus 52?,53
Solve the following and respond with only the final answer: What is 53 plus 44?,Solve the following and respond with only the final answer: What is 53 plus 54?,97
Solve the following and respond with only the final answer: What is 36 plus 97?,Solve the following and respond with only the final answer: What is 36 plus 81?,133
Solve the following and respond with only the final answer: What is 95 plus 30?,Solve the following and respond with only the final answer: What is 95 plus 60?,125
Solve the following and respond with only the final answer: What is 13 plus 16?,Solve the following and respond with only the final answer: What is 13 plus 13?,29
Solve the following and respond with only the final answer: What is 10 plus 75?,Solve the following and respond with only the final answer: What is 10 plus 79?,85
Solve the following and respond with only the final answer: What is 52 plus 61?,Solve the following and respond with only the final answer: What is 52 plus 27?,113
Solve the following and respond with only the final answer: What is 87 plus 21?,Solve the following and respond with only the final answer: What is 87 plus 20?,108
Solve the following and respond with only the final answer: What is 23 plus 21?,Solve the following and respond with only the final answer: What is 23 plus 12?,44
Solve the following and respond with only the final answer: What is 29 plus 33?,Solve the following and respond with only the final answer: What is 29 plus 61?,62
Solve the following and respond with only the final answer: What is 69 plus 58?,Solve the following and respond with only the final answer: What is 69 plus 96?,127
Solve the following and respond with only the final answer: What is 65 plus 44?,Solve the following and respond with only the final answer: What is 65 plus 18?,109
Solve the following and respond with only the final answer: What is 68 plus 48?,Solve the following and respond with only the final answer: What is 68 plus 89?,116
Solve the following and respond with only the final answer: What is 55 plus 90?,Solve the following and respond with only the final answer: What is 55 plus 24?,145
Solve the following and respond with only the final answer: What is 59 plus 68?,Solve the following and respond with only the final answer: What is 59 plus 68?,127
Solve the following and respond with only the final answer: What is 50 plus 38?,Solve the following and respond with only the final answer: What is 50 plus 46?,88
Solve the following and respond with only the final answer: What is 11 plus 52?,Solve the following and respond with only the final answer: What is 11 plus 63?,63
Solve the following and respond with only the final answer: What is 85 plus 89?,Solve the following and respond with only the final answer: What is 85 plus 18?,174
Solve the following and respond with only the final answer: What is 33 plus 39?,Solve the following and respond with only the final answer: What is 33 plus 46?,72
Solve the following and respond with only the final answer: What is 54 plus 43?,Solve the following and respond with only the final answer: What is 54 plus 68?,97
Solve the following and respond with only the final answer: What is 80 plus 60?,Solve the following and respond with only the final answer: What is 80 plus 57?,140
Solve the following and respond with only the final answer: What is 14 plus 11?,Solve the following and respond with only the final answer: What is 14 plus 42?,25
Solve the following and respond with only the final answer: What is 86 plus 67?,Solve the following and respond with only the final answer: What is 86 plus 19?,153
Solve the following and respond with only the final answer: What is 24 plus 93?,Solve the following and respond with only the final answer: What is 24 plus 48?,117
Solve the following and respond with only the final answer: What is 61 plus 87?,Solve the following and respond with only the final answer: What is 61 plus 11?,148
Solve the following and respond with only the final answer: What is 70 plus 56?,Solve the following and respond with only the final answer: What is 70 plus 54?,126
Solve the following and respond with only the final answer: What is 42 plus 10?,Solve the following and respond with only the final answer: What is 42 plus 42?,52
Solve the following and respond with only the final answer: What is 63 plus 78?,Solve the following and respond with only the final answer: What is 63 plus 41?,141
Solve the following and respond with only the final answer: What is 14 plus 86?,Solve the following and respond with only the final answer: What is 14 plus 24?,100
Solve the following and respond with only the final answer: What is 14 plus 76?,Solve the following and respond with only the final answer: What is 14 plus 19?,90
Solve the following and respond with only the final answer: What is 64 plus 63?,Solve the following and respond with only the final answer: What is 64 plus 91?,127
Solve the following and respond with only the final answer: What is 88 plus 58?,Solve the following and respond with only the final answer: What is 88 plus 71?,146
Solve the following and respond with only the final answer: What is 59 plus 68?,Solve the following and respond with only the final answer: What is 59 plus 98?,127
Solve the following and respond with only the final answer: What is 18 plus 88?,Solve the following and respond with only the final answer: What is 18 plus 72?,106
Solve the following and respond with only the final answer: What is 74 plus 28?,Solve the following and respond with only the final answer: What is 74 plus 74?,102
Solve the following and respond with only the final answer: What is 83 plus 68?,Solve the following and respond with only the final answer: What is 83 plus 46?,151
Solve the following and respond with only the final answer: What is 31 plus 86?,Solve the following and respond with only the final answer: What is 31 plus 71?,117
Solve the following and respond with only the final answer: What is 39 plus 43?,Solve the following and respond with only the final answer: What is 39 plus 12?,82
Solve the following and respond with only the final answer: What is 92 plus 25?,Solve the following and respond with only the final answer: What is 92 plus 46?,117
Solve the following and respond with only the final answer: What is 56 plus 34?,Solve the following and respond with only the final answer: What is 56 plus 76?,90
Solve the following and respond with only the final answer: What is 27 plus 98?,Solve the following and respond with only the final answer: What is 27 plus 34?,125
Solve the following and respond with only the final answer: What is 68 plus 75?,Solve the following and respond with only the final answer: What is 68 plus 19?,143
Solve the following and respond with only the final answer: What is 20 plus 96?,Solve the following and respond with only the final answer: What is 20 plus 61?,116
Solve the following and respond with only the final answer: What is 58 plus 27?,Solve the following and respond with only the final answer: What is 58 plus 21?,85
Solve the following and respond with only the final answer: What is 47 plus 35?,Solve the following and respond with only the final answer: What is 47 plus 28?,82
Solve the following and respond with only the final answer: What is 63 plus 22?,Solve the following and respond with only the final answer: What is 63 plus 49?,85
Solve the following and respond with only the final answer: What is 82 plus 57?,Solve the following and respond with only the final answer: What is 82 plus 95?,139
Solve the following and respond with only the final answer: What is 97 plus 19?,Solve the following and respond with only the final answer: What is 97 plus 54?,116
Solve the following and respond with only the final answer: What is 52 plus 36?,Solve the following and respond with only the final answer: What is 52 plus 83?,88
Solve the following and respond with only the final answer: What is 28 plus 16?,Solve the following and respond with only the final answer: What is 28 plus 49?,44
Solve the following and respond with only the final answer: What is 31 plus 28?,Solve the following and respond with only the final answer: What is 31 plus 23?,59
Solve the following and respond with only the final answer: What is 94 plus 64?,Solve the following and respond with only the final answer: What is 94 plus 67?,158
Solve the following and respond with only the final answer: What is 56 plus 17?,Solve the following and respond with only the final answer: What is 56 plus 86?,73
Solve the following and respond with only the final answer: What is 57 plus 45?,Solve the following and respond with only the final answer: What is 57 plus 28?,102
Solve the following and respond with only the final answer: What is 46 plus 17?,Solve the following and respond with only the final answer: What is 46 plus 27?,63
Solve the following and respond with only the final answer: What is 35 plus 17?,Solve the following and respond with only the final answer: What is 35 plus 14?,52
Solve the following and respond with only the final answer: What is 12 plus 61?,Solve the following and respond with only the final answer: What is 12 plus 76?,73
Solve the following and respond with only the final answer: What is 93 plus 24?,Solve the following and respond with only the final answer: What is 93 plus 74?,117
Solve the following and respond with only the final answer: What is 47 plus 72?,Solve the following and respond with only the final answer: What is 47 plus 95?,119
Solve the following and respond with only the final answer: What is 60 plus 63?,Solve the following and respond with only the final answer: What is 60 plus 82?,123
Solve the following and respond with only the final answer: What is 43 plus 29?,Solve the following and respond with only the final answer: What is 43 plus 85?,72
Solve the following and respond with only the final answer: What is 45 plus 26?,Solve the following and respond with only the final answer: What is 45 plus 20?,71
Solve the following and respond with only the final answer: What is 94 plus 32?,Solve the following and respond with only the final answer: What is 94 plus 17?,126
Solve the following and respond with only the final answer: What is 21 plus 95?,Solve the following and respond with only the final answer: What is 21 plus 24?,116
Solve the following and respond with only the final answer: What is 89 plus 15?,Solve the following and respond with only the final answer: What is 89 plus 77?,104
Solve the following and respond with only the final answer: What is 13 plus 36?,Solve the following and respond with only the final answer: What is 13 plus 99?,49
Solve the following and respond with only the final answer: What is 96 plus 51?,Solve the following and respond with only the final answer: What is 96 plus 51?,147
Solve the following and respond with only the final answer: What is 62 plus 29?,Solve the following and respond with only the final answer: What is 62 plus 89?,91
Solve the following and respond with only the final answer: What is 12 plus 88?,Solve the following and respond with only the final answer: What is 12 plus 40?,100
Solve the following and respond with only the final answer: What is 56 plus 69?,Solve the following and respond with only the final answer: What is 56 plus 92?,125
Solve the following and respond with only the final answer: What is 84 plus 49?,Solve the following and respond with only the final answer: What is 84 plus 39?,133
Solve the following and respond with only the final answer: What is 34 plus 25?,Solve the following and respond with only the final answer: What is 34 plus 73?,59
Solve the following and respond with only the final answer: What is 33 plus 21?,Solve the following and respond with only the final answer: What is 33 plus 21?,54
Solve the following and respond with only the final answer: What is 18 plus 92?,Solve the following and respond with only the final answer: What is 18 plus 65?,110
Solve the following and respond with only the final answer: What is 30 plus 63?,Solve the following and respond with only the final answer: What is 30 plus 87?,93
Solve the following and respond with only the final answer: What is 60 plus 66?,Solve the following and respond with only the final answer: What is 60 plus 42?,126
Solve the following and respond with only the final answer: What is 57 plus 54?,Solve the following and respond with only the final answer: What is 57 plus 25?,111
Solve the following and respond with only the final answer: What is 93 plus 20?,Solve the following and respond with only the final answer: What is 93 plus 15?,113
Solve the following and respond with only the final answer: What is 64 plus 19?,Solve the following and respond with only the final answer: What is 64 plus 81?,83
Solve the following and respond with only the final answer: What is 21 plus 42?,Solve the following and respond with only the final answer: What is 21 plus 58?,63
Solve the following and respond with only the final answer: What is 22 plus 95?,Solve the following and respond with only the final answer: What is 22 plus 71?,117
Solve the following and respond with only the final answer: What is 69 plus 22?,Solve the following and respond with only the final answer: What is 69 plus 75?,91
Solve the following and respond with only the final answer: What is 56 plus 56?,Solve the following and respond with only the final answer: What is 56 plus 26?,112
Solve the following and respond with only the final answer: What is 64 plus 36?,Solve the following and respond with only the final answer: What is 64 plus 27?,100
Solve the following and respond with only the final answer: What is 66 plus 37?,Solve the following and respond with only the final answer: What is 66 plus 93?,103
Solve the following and respond with only the final answer: What is 91 plus 79?,Solve the following and respond with only the final answer: What is 91 plus 85?,170
Solve the following and respond with only the final answer: What is 34 plus 79?,Solve the following and respond with only the final answer: What is 34 plus 24?,113
Solve the following and respond with only the final answer: What is 40 plus 92?,Solve the following and respond with only the final answer: What is 40 plus 70?,132
Solve the following and respond with only the final answer: What is 20 plus 80?,Solve the following and respond with only the final answer: What is 20 plus 61?,100
Solve the following and respond with only the final answer: What is 36 plus 36?,Solve the following and respond with only the final answer: What is 36 plus 10?,72
Solve the following and respond with only the final answer: What is 56 plus 19?,Solve the following and respond with only the final answer: What is 56 plus 22?,75
Solve the following and respond with only the final answer: What is 65 plus 13?,Solve the following and respond with only the final answer: What is 65 plus 97?,78
Solve the following and respond with only the final answer: What is 84 plus 28?,Solve the following and respond with only the final answer: What is 84 plus 64?,112
Solve the following and respond with only the final answer: What is 98 plus 92?,Solve the following and respond with only the final answer: What is 98 plus 97?,190
Solve the following and respond with only the final answer: What is 51 plus 69?,Solve the following and respond with only the final answer: What is 51 plus 63?,120
Solve the following and respond with only the final answer: What is 42 plus 10?,Solve the following and respond with only the final answer: What is 42 plus 47?,52
Solve the following and respond with only the final answer: What is 38 plus 50?,Solve the following and respond with only the final answer: What is 38 plus 89?,88
Solve the following and respond with only the final answer: What is 64 plus 76?,Solve the following and respond with only the final answer: What is 64 plus 19?,140
Solve the following and respond with only the final answer: What is 43 plus 14?,Solve the following and respond with only the final answer: What is 43 plus 81?,57
Solve the following and respond with only the final answer: What is 74 plus 99?,Solve the following and respond with only the final answer: What is 74 plus 15?,173
Solve the following and respond with only the final answer: What is 60 plus 76?,Solve the following and respond with only the final answer: What is 60 plus 10?,136
Solve the following and respond with only the final answer: What is 79 plus 78?,Solve the following and respond with only the final answer: What is 79 plus 24?,157
Solve the following and respond with only the final answer: What is 12 plus 23?,Solve the following and respond with only the final answer: What is 12 plus 52?,35
Solve the following and respond with only the final answer: What is 85 plus 88?,Solve the following and respond with only the final answer: What is 85 plus 98?,173
Solve the following and respond with only the final answer: What is 20 plus 70?,Solve the following and respond with only the final answer: What is 20 plus 31?,90
Solve the following and respond with only the final answer: What is 22 plus 15?,Solve the following and respond with only the final answer: What is 22 plus 43?,37
Solve the following and respond with only the final answer: What is 89 plus 97?,Solve the following and respond with only the final answer: What is 89 plus 10?,186
Solve the following and respond with only the final answer: What is 12 plus 17?,Solve the following and respond with only the final answer: What is 12 plus 11?,29
Solve the following and respond with only the final answer: What is 50 plus 65?,Solve the following and respond with only the final answer: What is 50 plus 94?,115
Solve the following and respond with only the final answer: What is 21 plus 34?,Solve the following and respond with only the final answer: What is 21 plus 10?,55
Solve the following and respond with only the final answer: What is 80 plus 69?,Solve the following and respond with only the final answer: What is 80 plus 47?,149
Solve the following and respond with only the final answer: What is 63 plus 83?,Solve the following and respond with only the final answer: What is 63 plus 86?,146
Solve the following and respond with only the final answer: What is 73 plus 27?,Solve the following and respond with only the final answer: What is 73 plus 36?,100
Solve the following and respond with only the final answer: What is 89 plus 69?,Solve the following and respond with only the final answer: What is 89 plus 89?,158
Solve the following and respond with only the final answer: What is 30 plus 64?,Solve the following and respond with only the final answer: What is 30 plus 14?,94
Solve the following and respond with only the final answer: What is 57 plus 95?,Solve the following and respond with only the final answer: What is 57 plus 10?,152
Solve the following and respond with only the final answer: What is 56 plus 12?,Solve the following and respond with only the final answer: What is 56 plus 37?,68
Solve the following and respond with only the final answer: What is 76 plus 41?,Solve the following and respond with only the final answer: What is 76 plus 53?,117
Solve the following and respond with only the final answer: What is 55 plus 98?,Solve the following and respond with only the final answer: What is 55 plus 60?,153
Solve the following and respond with only the final answer: What is 82 plus 77?,Solve the following and respond with only the final answer: What is 82 plus 76?,159
Solve the following and respond with only the final answer: What is 94 plus 57?,Solve the following and respond with only the final answer: What is 94 plus 22?,151
Solve the following and respond with only the final answer: What is 85 plus 85?,Solve the following and respond with only the final answer: What is 85 plus 34?,170
Solve the following and respond with only the final answer: What is 44 plus 22?,Solve the following and respond with only the final answer: What is 44 plus 15?,66
Solve the following and respond with only the final answer: What is 92 plus 75?,Solve the following and respond with only the final answer: What is 92 plus 81?,167
Solve the following and respond with only the final answer: What is 76 plus 19?,Solve the following and respond with only the final answer: What is 76 plus 15?,95
Solve the following and respond with only the final answer: What is 43 plus 17?,Solve the following and respond with only the final answer: What is 43 plus 31?,60
Solve the following and respond with only the final answer: What is 66 plus 12?,Solve the following and respond with only the final answer: What is 66 plus 53?,78
Solve the following and respond with only the final answer: What is 28 plus 76?,Solve the following and respond with only the final answer: What is 28 plus 58?,104
Solve the following and respond with only the final answer: What is 17 plus 89?,Solve the following and respond with only the final answer: What is 17 plus 16?,106
Solve the following and respond with only the final answer: What is 65 plus 45?,Solve the following and respond with only the final answer: What is 65 plus 74?,110
Solve the following and respond with only the final answer: What is 66 plus 70?,Solve the following and respond with only the final answer: What is 66 plus 82?,136
Solve the following and respond with only the final answer: What is 10 plus 38?,Solve the following and respond with only the final answer: What is 10 plus 31?,48
Solve the following and respond with only the final answer: What is 43 plus 15?,Solve the following and respond with only the final answer: What is 43 plus 53?,58
Solve the following and respond with only the final answer: What is 64 plus 38?,Solve the following and respond with only the final answer: What is 64 plus 62?,102
Solve the following and respond with only the final answer: What is 10 plus 22?,Solve the following and respond with only the final answer: What is 10 plus 56?,32
Solve the following and respond with only the final answer: What is 76 plus 62?,Solve the following and respond with only the final answer: What is 76 plus 83?,138
Solve the following and respond with only the final answer: What is 22 plus 21?,Solve the following and respond with only the final answer: What is 22 plus 96?,43
Solve the following and respond with only the final answer: What is 32 plus 44?,Solve the following and respond with only the final answer: What is 32 plus 63?,76
Solve the following and respond with only the final answer: What is 99 plus 37?,Solve the following and respond with only the final answer: What is 99 plus 78?,136
Solve the following and respond with only the final answer: What is 53 plus 20?,Solve the following and respond with only the final answer: What is 53 plus 53?,73
Solve the following and respond with only the final answer: What is 51 plus 81?,Solve the following and respond with only the final answer: What is 51 plus 34?,132
Solve the following and respond with only the final answer: What is 47 plus 63?,Solve the following and respond with only the final answer: What is 47 plus 12?,110
Solve the following and respond with only the final answer: What is 48 plus 77?,Solve the following and respond with only the final answer: What is 48 plus 91?,125
Solve the following and respond with only the final answer: What is 99 plus 20?,Solve the following and respond with only the final answer: What is 99 plus 10?,119
Solve the following and respond with only the final answer: What is 98 plus 71?,Solve the following and respond with only the final answer: What is 98 plus 77?,169
Solve the following and respond with only the final answer: What is 35 plus 38?,Solve the following and respond with only the final answer: What is 35 plus 47?,73
Solve the following and respond with only the final answer: What is 53 plus 37?,Solve the following and respond with only the final answer: What is 53 plus 94?,90
Solve the following and respond with only the final answer: What is 82 plus 10?,Solve the following and respond with only the final answer: What is 82 plus 64?,92
Solve the following and respond with only the final answer: What is 67 plus 52?,Solve the following and respond with only the final answer: What is 67 plus 25?,119
Solve the following and respond with only the final answer: What is 39 plus 71?,Solve the following and respond with only the final answer: What is 39 plus 28?,110
Solve the following and respond with only the final answer: What is 17 plus 67?,Solve the following and respond with only the final answer: What is 17 plus 16?,84
Solve the following and respond with only the final answer: What is 74 plus 23?,Solve the following and respond with only the final answer: What is 74 plus 29?,97
Solve the following and respond with only the final answer: What is 83 plus 51?,Solve the following and respond with only the final answer: What is 83 plus 28?,134
Solve the following and respond with only the final answer: What is 97 plus 23?,Solve the following and respond with only the final answer: What is 97 plus 63?,120
Solve the following and respond with only the final answer: What is 19 plus 64?,Solve the following and respond with only the final answer: What is 19 plus 68?,83
Solve the following and respond with only the final answer: What is 48 plus 42?,Solve the following and respond with only the final answer: What is 48 plus 92?,90
Solve the following and respond with only the final answer: What is 24 plus 71?,Solve the following and respond with only the final answer: What is 24 plus 53?,95
Solve the following and respond with only the final answer: What is 82 plus 59?,Solve the following and respond with only the final answer: What is 82 plus 93?,141
Solve the following and respond with only the final answer: What is 74 plus 63?,Solve the following and respond with only the final answer: What is 74 plus 22?,137
Solve the following and respond with only the final answer: What is 28 plus 72?,Solve the following and respond with only the final answer: What is 28 plus 23?,100
Solve the following and respond with only the final answer: What is 31 plus 23?,Solve the following and respond with only the final answer: What is 31 plus 84?,54
Solve the following and respond with only the final answer: What is 47 plus 76?,Solve the following and respond with only the final answer: What is 47 plus 20?,123
Solve the following and respond with only the final answer: What is 65 plus 33?,Solve the following and respond with only the final answer: What is 65 plus 27?,98
Solve the following and respond with only the final answer: What is 25 plus 72?,Solve the following and respond with only the final answer: What is 25 plus 30?,97
Solve the following and respond with only the final answer: What is 45 plus 80?,Solve the following and respond with only the final answer: What is 45 plus 46?,125
Solve the following and respond with only the final answer: What is 34 plus 25?,Solve the following and respond with only the final answer: What is 34 plus 88?,59
Solve the following and respond with only the final answer: What is 46 plus 23?,Solve the following and respond with only the final answer: What is 46 plus 40?,69
Solve the following and respond with only the final answer: What is 57 plus 48?,Solve the following and respond with only the final answer: What is 57 plus 59?,105
Solve the following and respond with only the final answer: What is 19 plus 50?,Solve the following and respond with only the final answer: What is 19 plus 83?,69
Solve the following and respond with only the final answer: What is 98 plus 55?,Solve the following and respond with only the final answer: What is 98 plus 46?,153
Solve the following and respond with only the final answer: What is 52 plus 37?,Solve the following and respond with only the final answer: What is 52 plus 80?,89
Solve the following and respond with only the final answer: What is 61 plus 64?,Solve the following and respond with only the final answer: What is 61 plus 60?,125
Solve the following and respond with only the final answer: What is 82 plus 72?,Solve the following and respond with only the final answer: What is 82 plus 56?,154
Solve the following and respond with only the final answer: What is 73 plus 72?,Solve the following and respond with only the final answer: What is 73 plus 65?,145
Solve the following and respond with only the final answer: What is 85 plus 57?,Solve the following and respond with only the final answer: What is 85 plus 78?,142
Solve the following and respond with only the final answer: What is 45 plus 64?,Solve the following and respond with only the final answer: What is 45 plus 53?,109
Solve the following and respond with only the final answer: What is 21 plus 89?,Solve the following and respond with only the final answer: What is 21 plus 29?,110
Solve the following and respond with only the final answer: What is 17 plus 57?,Solve the following and respond with only the final answer: What is 17 plus 90?,74
Solve the following and respond with only the final answer: What is 21 plus 41?,Solve the following and respond with only the final answer: What is 21 plus 27?,62
Solve the following and respond with only the final answer: What is 13 plus 17?,Solve the following and respond with only the final answer: What is 13 plus 19?,30
Solve the following and respond with only the final answer: What is 35 plus 28?,Solve the following and respond with only the final answer: What is 35 plus 29?,63
Solve the following and respond with only the final answer: What is 99 plus 16?,Solve the following and respond with only the final answer: What is 99 plus 63?,115
Solve the following and respond with only the final answer: What is 55 plus 77?,Solve the following and respond with only the final answer: What is 55 plus 37?,132
Solve the following and respond with only the final answer: What is 27 plus 29?,Solve the following and respond with only the final answer: What is 27 plus 66?,56
Solve the following and respond with only the final answer: What is 78 plus 36?,Solve the following and respond with only the final answer: What is 78 plus 37?,114
Solve the following and respond with only the final answer: What is 15 plus 41?,Solve the following and respond with only the final answer: What is 15 plus 62?,56
Solve the following and respond with only the final answer: What is 84 plus 12?,Solve the following and respond with only the final answer: What is 84 plus 49?,96
Solve the following and respond with only the final answer: What is 88 plus 61?,Solve the following and respond with only the final answer: What is 88 plus 79?,149
Solve the following and respond with only the final answer: What is 64 plus 86?,Solve the following and respond with only the final answer: What is 64 plus 90?,150
Solve the following and respond with only the final answer: What is 80 plus 91?,Solve the following and respond with only the final answer: What is 80 plus 79?,171
Solve the following and respond with only the final answer: What is 92 plus 44?,Solve the following and respond with only the final answer: What is 92 plus 69?,136
Solve the following and respond with only the final answer: What is 49 plus 59?,Solve the following and respond with only the final answer: What is 49 plus 37?,108
Solve the following and respond with only the final answer: What is 18 plus 39?,Solve the following and respond with only the final answer: What is 18 plus 21?,57
Solve the following and respond with only the final answer: What is 12 plus 13?,Solve the following and respond with only the final answer: What is 12 plus 54?,25
Solve the following and respond with only the final answer: What is 22 plus 88?,Solve the following and respond with only the final answer: What is 22 plus 19?,110
Solve the following and respond with only the final answer: What is 94 plus 61?,Solve the following and respond with only the final answer: What is 94 plus 31?,155
Solve the following and respond with only the final answer: What is 75 plus 18?,Solve the following and respond with only the final answer: What is 75 plus 81?,93
Solve the following and respond with only the final answer: What is 22 plus 40?,Solve the following and respond with only the final answer: What is 22 plus 79?,62
Solve the following and respond with only the final answer: What is 44 plus 98?,Solve the following and respond with only the final answer: What is 44 plus 44?,142
Solve the following and respond with only the final answer: What is 65 plus 65?,Solve the following and respond with only the final answer: What is 65 plus 32?,130
Solve the following and respond with only the final answer: What is 18 plus 80?,Solve the following and respond with only the final answer: What is 18 plus 31?,98
Solve the following and respond with only the final answer: What is 13 plus 42?,Solve the following and respond with only the final answer: What is 13 plus 49?,55
Solve the following and respond with only the final answer: What is 31 plus 98?,Solve the following and respond with only the final answer: What is 31 plus 44?,129
Solve the following and respond with only the final answer: What is 21 plus 35?,Solve the following and respond with only the final answer: What is 21 plus 31?,56
Solve the following and respond with only the final answer: What is 60 plus 74?,Solve the following and respond with only the final answer: What is 60 plus 72?,134
Solve the following and respond with only the final answer: What is 75 plus 75?,Solve the following and respond with only the final answer: What is 75 plus 94?,150
Solve the following and respond with only the final answer: What is 65 plus 87?,Solve the following and respond with only the final answer: What is 65 plus 37?,152
Solve the following and respond with only the final answer: What is 92 plus 49?,Solve the following and respond with only the final answer: What is 92 plus 10?,141
Solve the following and respond with only the final answer: What is 20 plus 40?,Solve the following and respond with only the final answer: What is 20 plus 96?,60
Solve the following and respond with only the final answer: What is 39 plus 61?,Solve the following and respond with only the final answer: What is 39 plus 24?,100
Solve the following and respond with only the final answer: What is 34 plus 23?,Solve the following and respond with only the final answer: What is 34 plus 39?,57
Solve the following and respond with only the final answer: What is 87 plus 50?,Solve the following and respond with only the final answer: What is 87 plus 90?,137
Solve the following and respond with only the final answer: What is 52 plus 17?,Solve the following and respond with only the final answer: What is 52 plus 95?,69
Solve the following and respond with only the final answer: What is 33 plus 17?,Solve the following and respond with only the final answer: What is 33 plus 50?,50
Solve the following and respond with only the final answer: What is 94 plus 41?,Solve the following and respond with only the final answer: What is 94 plus 54?,135
Solve the following and respond with only the final answer: What is 22 plus 67?,Solve the following and respond with only the final answer: What is 22 plus 16?,89
Solve the following and respond with only the final answer: What is 80 plus 90?,Solve the following and respond with only the final answer: What is 80 plus 43?,170
Solve the following and respond with only the final answer: What is 18 plus 80?,Solve the following and respond with only the final answer: What is 18 plus 55?,98
Solve the following and respond with only the final answer: What is 48 plus 60?,Solve the following and respond with only the final answer: What is 48 plus 83?,108
Solve the following and respond with only the final answer: What is 95 plus 62?,Solve the following and respond with only the final answer: What is 95 plus 10?,157
Solve the following and respond with only the final answer: What is 42 plus 88?,Solve the following and respond with only the final answer: What is 42 plus 57?,130
Solve the following and respond with only the final answer: What is 16 plus 94?,Solve the following and respond with only the final answer: What is 16 plus 98?,110
Solve the following and respond with only the final answer: What is 31 plus 32?,Solve the following and respond with only the final answer: What is 31 plus 72?,63
Solve the following and respond with only the final answer: What is 13 plus 24?,Solve the following and respond with only the final answer: What is 13 plus 10?,37
Solve the following and respond with only the final answer: What is 29 plus 31?,Solve the following and respond with only the final answer: What is 29 plus 20?,60
Solve the following and respond with only the final answer: What is 58 plus 25?,Solve the following and respond with only the final answer: What is 58 plus 60?,83
Solve the following and respond with only the final answer: What is 63 plus 45?,Solve the following and respond with only the final answer: What is 63 plus 39?,108
Solve the following and respond with only the final answer: What is 32 plus 48?,Solve the following and respond with only the final answer: What is 32 plus 55?,80
Solve the following and respond with only the final answer: What is 17 plus 66?,Solve the following and respond with only the final answer: What is 17 plus 34?,83
Solve the following and respond with only the final answer: What is 66 plus 87?,Solve the following and respond with only the final answer: What is 66 plus 98?,153
Solve the following and respond with only the final answer: What is 96 plus 83?,Solve the following and respond with only the final answer: What is 96 plus 89?,179
Solve the following and respond with only the final answer: What is 83 plus 67?,Solve the following and respond with only the final answer: What is 83 plus 94?,150
Solve the following and respond with only the final answer: What is 45 plus 99?,Solve the following and respond with only the final answer: What is 45 plus 51?,144
Solve the following and respond with only the final answer: What is 92 plus 48?,Solve the following and respond with only the final answer: What is 92 plus 28?,140
Solve the following and respond with only the final answer: What is 87 plus 14?,Solve the following and respond with only the final answer: What is 87 plus 86?,101
Solve the following and respond with only the final answer: What is 56 plus 38?,Solve the following and respond with only the final answer: What is 56 plus 28?,94
Solve the following and respond with only the final answer: What is 37 plus 48?,Solve the following and respond with only the final answer: What is 37 plus 73?,85
Solve the following and respond with only the final answer: What is 66 plus 29?,Solve the following and respond with only the final answer: What is 66 plus 89?,95
Solve the following and respond with only the final answer: What is 25 plus 14?,Solve the following and respond with only the final answer: What is 25 plus 43?,39
Solve the following and respond with only the final answer: What is 74 plus 53?,Solve the following and respond with only the final answer: What is 74 plus 72?,127
Solve the following and respond with only the final answer: What is 39 plus 69?,Solve the following and respond with only the final answer: What is 39 plus 90?,108
Solve the following and respond with only the final answer: What is 84 plus 17?,Solve the following and respond with only the final answer: What is 84 plus 86?,101
Solve the following and respond with only the final answer: What is 10 plus 79?,Solve the following and respond with only the final answer: What is 10 plus 56?,89
Solve the following and respond with only the final answer: What is 45 plus 20?,Solve the following and respond with only the final answer: What is 45 plus 65?,65
Solve the following and respond with only the final answer: What is 79 plus 99?,Solve the following and respond with only the final answer: What is 79 plus 94?,178
Solve the following and respond with only the final answer: What is 98 plus 25?,Solve the following and respond with only the final answer: What is 98 plus 91?,123
Solve the following and respond with only the final answer: What is 41 plus 70?,Solve the following and respond with only the final answer: What is 41 plus 43?,111
Solve the following and respond with only the final answer: What is 82 plus 79?,Solve the following and respond with only the final answer: What is 82 plus 56?,161
Solve the following and respond with only the final answer: What is 76 plus 67?,Solve the following and respond with only the final answer: What is 76 plus 35?,143
Solve the following and respond with only the final answer: What is 11 plus 35?,Solve the following and respond with only the final answer: What is 11 plus 62?,46
Solve the following and respond with only the final answer: What is 94 plus 32?,Solve the following and respond with only the final answer: What is 94 plus 30?,126
Solve the following and respond with only the final answer: What is 50 plus 98?,Solve the following and respond with only the final answer: What is 50 plus 39?,148
Solve the following and respond with only the final answer: What is 42 plus 28?,Solve the following and respond with only the final answer: What is 42 plus 56?,70
Solve the following and respond with only the final answer: What is 38 plus 67?,Solve the following and respond with only the final answer: What is 38 plus 49?,105
Solve the following and respond with only the final answer: What is 25 plus 42?,Solve the following and respond with only the final answer: What is 25 plus 80?,67
Solve the following and respond with only the final answer: What is 97 plus 22?,Solve the following and respond with only the final answer: What is 97 plus 78?,119
Solve the following and respond with only the final answer: What is 66 plus 64?,Solve the following and respond with only the final answer: What is 66 plus 33?,130
Solve the following and respond with only the final answer: What is 41 plus 87?,Solve the following and respond with only the final answer: What is 41 plus 16?,128
Solve the following and respond with only the final answer: What is 51 plus 42?,Solve the following and respond with only the final answer: What is 51 plus 18?,93
Solve the following and respond with only the final answer: What is 68 plus 36?,Solve the following and respond with only the final answer: What is 68 plus 74?,104
Solve the following and respond with only the final answer: What is 66 plus 30?,Solve the following and respond with only the final answer: What is 66 plus 34?,96
Solve the following and respond with only the final answer: What is 41 plus 34?,Solve the following and respond with only the final answer: What is 41 plus 91?,75
Solve the following and respond with only the final answer: What is 19 plus 66?,Solve the following and respond with only the final answer: What is 19 plus 94?,85
Solve the following and respond with only the final answer: What is 84 plus 90?,Solve the following and respond with only the final answer: What is 84 plus 14?,174
Solve the following and respond with only the final answer: What is 29 plus 81?,Solve the following and respond with only the final answer: What is 29 plus 54?,110
Solve the following and respond with only the final answer: What is 27 plus 79?,Solve the following and respond with only the final answer: What is 27 plus 94?,106
Solve the following and respond with only the final answer: What is 10 plus 59?,Solve the following and respond with only the final answer: What is 10 plus 91?,69
Solve the following and respond with only the final answer: What is 47 plus 70?,Solve the following and respond with only the final answer: What is 47 plus 69?,117
Solve the following and respond with only the final answer: What is 45 plus 43?,Solve the following and respond with only the final answer: What is 45 plus 70?,88
Solve the following and respond with only the final answer: What is 24 plus 43?,Solve the following and respond with only the final answer: What is 24 plus 17?,67
Solve the following and respond with only the final answer: What is 83 plus 14?,Solve the following and respond with only the final answer: What is 83 plus 59?,97
Solve the following and respond with only the final answer: What is 80 plus 90?,Solve the following and respond with only the final answer: What is 80 plus 83?,170
Solve the following and respond with only the final answer: What is 37 plus 62?,Solve the following and respond with only the final answer: What is 37 plus 86?,99
Solve the following and respond with only the final answer: What is 23 plus 57?,Solve the following and respond with only the final answer: What is 23 plus 91?,80
Solve the following and respond with only the final answer: What is 22 plus 58?,Solve the following and respond with only the final answer: What is 22 plus 50?,80
Solve the following and respond with only the final answer: What is 40 plus 22?,Solve the following and respond with only the final answer: What is 40 plus 98?,62
Solve the following and respond with only the final answer: What is 95 plus 65?,Solve the following and respond with only the final answer: What is 95 plus 56?,160
Solve the following and respond with only the final answer: What is 15 plus 10?,Solve the following and respond with only the final answer: What is 15 plus 67?,25
Solve the following and respond with only the final answer: What is 68 plus 73?,Solve the following and respond with only the final answer: What is 68 plus 64?,141
Solve the following and respond with only the final answer: What is 21 plus 15?,Solve the following and respond with only the final answer: What is 21 plus 12?,36
Solve the following and respond with only the final answer: What is 26 plus 91?,Solve the following and respond with only the final answer: What is 26 plus 63?,117
Solve the following and respond with only the final answer: What is 46 plus 42?,Solve the following and respond with only the final answer: What is 46 plus 46?,88
Solve the following and respond with only the final answer: What is 90 plus 56?,Solve the following and respond with only the final answer: What is 90 plus 46?,146
Solve the following and respond with only the final answer: What is 31 plus 38?,Solve the following and respond with only the final answer: What is 31 plus 56?,69
Solve the following and respond with only the final answer: What is 20 plus 15?,Solve the following and respond with only the final answer: What is 20 plus 96?,35
Solve the following and respond with only the final answer: What is 82 plus 24?,Solve the following and respond with only the final answer: What is 82 plus 27?,106
Solve the following and respond with only the final answer: What is 92 plus 70?,Solve the following and respond with only the final answer: What is 92 plus 84?,162
Solve the following and respond with only the final answer: What is 90 plus 93?,Solve the following and respond with only the final answer: What is 90 plus 41?,183
Solve the following and respond with only the final answer: What is 31 plus 45?,Solve the following and respond with only the final answer: What is 31 plus 77?,76
Solve the following and respond with only the final answer: What is 28 plus 82?,Solve the following and respond with only the final answer: What is 28 plus 10?,110
Solve the following and respond with only the final answer: What is 52 plus 25?,Solve the following and respond with only the final answer: What is 52 plus 92?,77
Solve the following and respond with only the final answer: What is 48 plus 48?,Solve the following and respond with only the final answer: What is 48 plus 73?,96
Solve the following and respond with only the final answer: What is 82 plus 27?,Solve the following and respond with only the final answer: What is 82 plus 16?,109
Solve the following and respond with only the final answer: What is 42 plus 53?,Solve the following and respond with only the final answer: What is 42 plus 98?,95
Solve the following and respond with only the final answer: What is 38 plus 43?,Solve the following and respond with only the final answer: What is 38 plus 44?,81
Solve the following and respond with only the final answer: What is 45 plus 17?,Solve the following and respond with only the final answer: What is 45 plus 75?,62
Solve the following and respond with only the final answer: What is 38 plus 86?,Solve the following and respond with only the final answer: What is 38 plus 27?,124
Solve the following and respond with only the final answer: What is 49 plus 47?,Solve the following and respond with only the final answer: What is 49 plus 12?,96
Solve the following and respond with only the final answer: What is 46 plus 70?,Solve the following and respond with only the final answer: What is 46 plus 69?,116
Solve the following and respond with only the final answer: What is 39 plus 51?,Solve the following and respond with only the final answer: What is 39 plus 37?,90
Solve the following and respond with only the final answer: What is 10 plus 36?,Solve the following and respond with only the final answer: What is 10 plus 91?,46
Solve the following and respond with only the final answer: What is 62 plus 56?,Solve the following and respond with only the final answer: What is 62 plus 60?,118
Solve the following and respond with only the final answer: What is 64 plus 52?,Solve the following and respond with only the final answer: What is 64 plus 25?,116
Solve the following and respond with only the final answer: What is 88 plus 84?,Solve the following and respond with only the final answer: What is 88 plus 10?,172
Solve the following and respond with only the final answer: What is 10 plus 44?,Solve the following and respond with only the final answer: What is 10 plus 63?,54
Solve the following and respond with only the final answer: What is 17 plus 41?,Solve the following and respond with only the final answer: What is 17 plus 61?,58
Solve the following and respond with only the final answer: What is 19 plus 27?,Solve the following and respond with only the final answer: What is 19 plus 24?,46
Solve the following and respond with only the final answer: What is 48 plus 27?,Solve the following and respond with only the final answer: What is 48 plus 40?,75
Solve the following and respond with only the final answer: What is 72 plus 86?,Solve the following and respond with only the final answer: What is 72 plus 16?,158
Solve the following and respond with only the final answer: What is 79 plus 42?,Solve the following and respond with only the final answer: What is 79 plus 10?,121
Solve the following and respond with only the final answer: What is 22 plus 83?,Solve the following and respond with only the final answer: What is 22 plus 86?,105
Solve the following and respond with only the final answer: What is 36 plus 44?,Solve the following and respond with only the final answer: What is 36 plus 59?,80
Solve the following and respond with only the final answer: What is 59 plus 48?,Solve the following and respond with only the final answer: What is 59 plus 58?,107
Solve the following and respond with only the final answer: What is 76 plus 17?,Solve the following and respond with only the final answer: What is 76 plus 83?,93
Solve the following and respond with only the final answer: What is 62 plus 51?,Solve the following and respond with only the final answer: What is 62 plus 53?,113
Solve the following and respond with only the final answer: What is 51 plus 19?,Solve the following and respond with only the final answer: What is 51 plus 76?,70
Solve the following and respond with only the final answer: What is 84 plus 75?,Solve the following and respond with only the final answer: What is 84 plus 15?,159
Solve the following and respond with only the final answer: What is 63 plus 70?,Solve the following and respond with only the final answer: What is 63 plus 50?,133
Solve the following and respond with only the final answer: What is 31 plus 97?,Solve the following and respond with only the final answer: What is 31 plus 53?,128
Solve the following and respond with only the final answer: What is 85 plus 41?,Solve the following and respond with only the final answer: What is 85 plus 26?,126
Solve the following and respond with only the final answer: What is 26 plus 75?,Solve the following and respond with only the final answer: What is 26 plus 58?,101
Solve the following and respond with only the final answer: What is 46 plus 57?,Solve the following and respond with only the final answer: What is 46 plus 45?,103
Solve the following and respond with only the final answer: What is 21 plus 46?,Solve the following and respond with only the final answer: What is 21 plus 61?,67
Solve the following and respond with only the final answer: What is 11 plus 18?,Solve the following and respond with only the final answer: What is 11 plus 84?,29
Solve the following and respond with only the final answer: What is 73 plus 16?,Solve the following and respond with only the final answer: What is 73 plus 45?,89
Solve the following and respond with only the final answer: What is 63 plus 16?,Solve the following and respond with only the final answer: What is 63 plus 90?,79
Solve the following and respond with only the final answer: What is 84 plus 92?,Solve the following and respond with only the final answer: What is 84 plus 44?,176
Solve the following and respond with only the final answer: What is 49 plus 76?,Solve the following and respond with only the final answer: What is 49 plus 44?,125
Solve the following and respond with only the final answer: What is 81 plus 37?,Solve the following and respond with only the final answer: What is 81 plus 17?,118
Solve the following and respond with only the final answer: What is 70 plus 26?,Solve the following and respond with only the final answer: What is 70 plus 25?,96
Solve the following and respond with only the final answer: What is 19 plus 77?,Solve the following and respond with only the final answer: What is 19 plus 11?,96
Solve the following and respond with only the final answer: What is 46 plus 78?,Solve the following and respond with only the final answer: What is 46 plus 27?,124
Solve the following and respond with only the final answer: What is 28 plus 28?,Solve the following and respond with only the final answer: What is 28 plus 50?,56
Solve the following and respond with only the final answer: What is 18 plus 50?,Solve the following and respond with only the final answer: What is 18 plus 89?,68
Solve the following and respond with only the final answer: What is 72 plus 95?,Solve the following and respond with only the final answer: What is 72 plus 42?,167
Solve the following and respond with only the final answer: What is 70 plus 88?,Solve the following and respond with only the final answer: What is 70 plus 42?,158
Solve the following and respond with only the final answer: What is 56 plus 59?,Solve the following and respond with only the final answer: What is 56 plus 68?,115
Solve the following and respond with only the final answer: What is 80 plus 48?,Solve the following and respond with only the final answer: What is 80 plus 13?,128
Solve the following and respond with only the final answer: What is 63 plus 97?,Solve the following and respond with only the final answer: What is 63 plus 84?,160
Solve the following and respond with only the final answer: What is 38 plus 64?,Solve the following and respond with only the final answer: What is 38 plus 48?,102
Solve the following and respond with only the final answer: What is 99 plus 55?,Solve the following and respond with only the final answer: What is 99 plus 12?,154
Solve the following and respond with only the final answer: What is 24 plus 80?,Solve the following and respond with only the final answer: What is 24 plus 39?,104
Solve the following and respond with only the final answer: What is 17 plus 28?,Solve the following and respond with only the final answer: What is 17 plus 26?,45
Solve the following and respond with only the final answer: What is 41 plus 46?,Solve the following and respond with only the final answer: What is 41 plus 18?,87
Solve the following and respond with only the final answer: What is 10 plus 40?,Solve the following and respond with only the final answer: What is 10 plus 38?,50
Solve the following and respond with only the final answer: What is 77 plus 28?,Solve the following and respond with only the final answer: What is 77 plus 91?,105
Solve the following and respond with only the final answer: What is 56 plus 62?,Solve the following and respond with only the final answer: What is 56 plus 28?,118
Solve the following and respond with only the final answer: What is 90 plus 12?,Solve the following and respond with only the final answer: What is 90 plus 11?,102
Solve the following and respond with only the final answer: What is 45 plus 26?,Solve the following and respond with only the final answer: What is 45 plus 29?,71
Solve the following and respond with only the final answer: What is 91 plus 94?,Solve the following and respond with only the final answer: What is 91 plus 14?,185
Solve the following and respond with only the final answer: What is 56 plus 72?,Solve the following and respond with only the final answer: What is 56 plus 42?,128
Solve the following and respond with only the final answer: What is 95 plus 82?,Solve the following and respond with only the final answer: What is 95 plus 57?,177
Solve the following and respond with only the final answer: What is 39 plus 26?,Solve the following and respond with only the final answer: What is 39 plus 18?,65
Solve the following and respond with only the final answer: What is 40 plus 16?,Solve the following and respond with only the final answer: What is 40 plus 62?,56
Solve the following and respond with only the final answer: What is 27 plus 32?,Solve the following and respond with only the final answer: What is 27 plus 48?,59
Solve the following and respond with only the final answer: What is 29 plus 85?,Solve the following and respond with only the final answer: What is 29 plus 33?,114
Solve the following and respond with only the final answer: What is 21 plus 80?,Solve the following and respond with only the final answer: What is 21 plus 40?,101
Solve the following and respond with only the final answer: What is 81 plus 92?,Solve the following and respond with only the final answer: What is 81 plus 20?,173
Solve the following and respond with only the final answer: What is 71 plus 41?,Solve the following and respond with only the final answer: What is 71 plus 55?,112
Solve the following and respond with only the final answer: What is 10 plus 39?,Solve the following and respond with only the final answer: What is 10 plus 72?,49
Solve the following and respond with only the final answer: What is 54 plus 48?,Solve the following and respond with only the final answer: What is 54 plus 13?,102
Solve the following and respond with only the final answer: What is 19 plus 43?,Solve the following and respond with only the final answer: What is 19 plus 66?,62
Solve the following and respond with only the final answer: What is 19 plus 88?,Solve the following and respond with only the final answer: What is 19 plus 38?,107
Solve the following and respond with only the final answer: What is 67 plus 49?,Solve the following and respond with only the final answer: What is 67 plus 36?,116
Solve the following and respond with only the final answer: What is 92 plus 21?,Solve the following and respond with only the final answer: What is 92 plus 87?,113
Solve the following and respond with only the final answer: What is 19 plus 64?,Solve the following and respond with only the final answer: What is 19 plus 64?,83
Solve the following and respond with only the final answer: What is 64 plus 98?,Solve the following and respond with only the final answer: What is 64 plus 96?,162
Solve the following and respond with only the final answer: What is 39 plus 43?,Solve the following and respond with only the final answer: What is 39 plus 44?,82
Solve the following and respond with only the final answer: What is 43 plus 64?,Solve the following and respond with only the final answer: What is 43 plus 25?,107
Solve the following and respond with only the final answer: What is 65 plus 75?,Solve the following and respond with only the final answer: What is 65 plus 66?,140
Solve the following and respond with only the final answer: What is 89 plus 73?,Solve the following and respond with only the final answer: What is 89 plus 75?,162
Solve the following and respond with only the final answer: What is 48 plus 75?,Solve the following and respond with only the final answer: What is 48 plus 34?,123
Solve the following and respond with only the final answer: What is 43 plus 90?,Solve the following and respond with only the final answer: What is 43 plus 68?,133
Solve the following and respond with only the final answer: What is 11 plus 88?,Solve the following and respond with only the final answer: What is 11 plus 79?,99
Solve the following and respond with only the final answer: What is 11 plus 67?,Solve the following and respond with only the final answer: What is 11 plus 47?,78
Solve the following and respond with only the final answer: What is 11 plus 30?,Solve the following and respond with only the final answer: What is 11 plus 18?,41
Solve the following and respond with only the final answer: What is 37 plus 68?,Solve the following and respond with only the final answer: What is 37 plus 66?,105
Solve the following and respond with only the final answer: What is 35 plus 56?,Solve the following and respond with only the final answer: What is 35 plus 52?,91
Solve the following and respond with only the final answer: What is 32 plus 31?,Solve the following and respond with only the final answer: What is 32 plus 93?,63
Solve the following and respond with only the final answer: What is 33 plus 21?,Solve the following and respond with only the final answer: What is 33 plus 85?,54
Solve the following and respond with only the final answer: What is 48 plus 94?,Solve the following and respond with only the final answer: What is 48 plus 51?,142
Solve the following and respond with only the final answer: What is 93 plus 88?,Solve the following and respond with only the final answer: What is 93 plus 37?,181
Solve the following and respond with only the final answer: What is 19 plus 95?,Solve the following and respond with only the final answer: What is 19 plus 79?,114
Solve the following and respond with only the final answer: What is 64 plus 90?,Solve the following and respond with only the final answer: What is 64 plus 16?,154
Solve the following and respond with only the final answer: What is 96 plus 77?,Solve the following and respond with only the final answer: What is 96 plus 60?,173
Solve the following and respond with only the final answer: What is 26 plus 38?,Solve the following and respond with only the final answer: What is 26 plus 59?,64
Solve the following and respond with only the final answer: What is 84 plus 23?,Solve the following and respond with only the final answer: What is 84 plus 53?,107
Solve the following and respond with only the final answer: What is 21 plus 89?,Solve the following and respond with only the final answer: What is 21 plus 41?,110
Solve the following and respond with only the final answer: What is 86 plus 57?,Solve the following and respond with only the final answer: What is 86 plus 53?,143
Solve the following and respond with only the final answer: What is 21 plus 71?,Solve the following and respond with only the final answer: What is 21 plus 83?,92
Solve the following and respond with only the final answer: What is 15 plus 80?,Solve the following and respond with only the final answer: What is 15 plus 95?,95
Solve the following and respond with only the final answer: What is 79 plus 55?,Solve the following and respond with only the final answer: What is 79 plus 12?,134
Solve the following and respond with only the final answer: What is 75 plus 96?,Solve the following and respond with only the final answer: What is 75 plus 88?,171
Solve the following and respond with only the final answer: What is 90 plus 29?,Solve the following and respond with only the final answer: What is 90 plus 60?,119
Solve the following and respond with only the final answer: What is 56 plus 36?,Solve the following and respond with only the final answer: What is 56 plus 52?,92
Solve the following and respond with only the final answer: What is 25 plus 18?,Solve the following and respond with only the final answer: What is 25 plus 68?,43
Solve the following and respond with only the final answer: What is 77 plus 91?,Solve the following and respond with only the final answer: What is 77 plus 10?,168
Solve the following and respond with only the final answer: What is 55 plus 27?,Solve the following and respond with only the final answer: What is 55 plus 91?,82
Solve the following and respond with only the final answer: What is 28 plus 48?,Solve the following and respond with only the final answer: What is 28 plus 52?,76
Solve the following and respond with only the final answer: What is 49 plus 45?,Solve the following and respond with only the final answer: What is 49 plus 79?,94
Solve the following and respond with only the final answer: What is 94 plus 46?,Solve the following and respond with only the final answer: What is 94 plus 16?,140
Solve the following and respond with only the final answer: What is 83 plus 50?,Solve the following and respond with only the final answer: What is 83 plus 66?,133
Solve the following and respond with only the final answer: What is 19 plus 22?,Solve the following and respond with only the final answer: What is 19 plus 13?,41
Solve the following and respond with only the final answer: What is 33 plus 84?,Solve the following and respond with only the final answer: What is 33 plus 56?,117
Solve the following and respond with only the final answer: What is 73 plus 78?,Solve the following and respond with only the final answer: What is 73 plus 33?,151
Solve the following and respond with only the final answer: What is 79 plus 95?,Solve the following and respond with only the final answer: What is 79 plus 24?,174
Solve the following and respond with only the final answer: What is 47 plus 78?,Solve the following and respond with only the final answer: What is 47 plus 61?,125
Solve the following and respond with only the final answer: What is 66 plus 41?,Solve the following and respond with only the final answer: What is 66 plus 61?,107
Solve the following and respond with only the final answer: What is 24 plus 68?,Solve the following and respond with only the final answer: What is 24 plus 99?,92
Solve the following and respond with only the final answer: What is 47 plus 37?,Solve the following and respond with only the final answer: What is 47 plus 77?,84
Solve the following and respond with only the final answer: What is 41 plus 19?,Solve the following and respond with only the final answer: What is 41 plus 40?,60
Solve the following and respond with only the final answer: What is 63 plus 69?,Solve the following and respond with only the final answer: What is 63 plus 48?,132
Solve the following and respond with only the final answer: What is 16 plus 40?,Solve the following and respond with only the final answer: What is 16 plus 38?,56
Solve the following and respond with only the final answer: What is 27 plus 72?,Solve the following and respond with only the final answer: What is 27 plus 10?,99
Solve the following and respond with only the final answer: What is 62 plus 25?,Solve the following and respond with only the final answer: What is 62 plus 79?,87
Solve the following and respond with only the final answer: What is 91 plus 82?,Solve the following and respond with only the final answer: What is 91 plus 88?,173
Solve the following and respond with only the final answer: What is 69 plus 41?,Solve the following and respond with only the final answer: What is 69 plus 83?,110
Solve the following and respond with only the final answer: What is 60 plus 27?,Solve the following and respond with only the final answer: What is 60 plus 48?,87
Solve the following and respond with only the final answer: What is 80 plus 81?,Solve the following and respond with only the final answer: What is 80 plus 29?,161
Solve the following and respond with only the final answer: What is 50 plus 32?,Solve the following and respond with only the final answer: What is 50 plus 27?,82
Solve the following and respond with only the final answer: What is 91 plus 54?,Solve the following and respond with only the final answer: What is 91 plus 48?,145
Solve the following and respond with only the final answer: What is 41 plus 63?,Solve the following and respond with only the final answer: What is 41 plus 21?,104
Solve the following and respond with only the final answer: What is 90 plus 46?,Solve the following and respond with only the final answer: What is 90 plus 44?,136
Solve the following and respond with only the final answer: What is 74 plus 58?,Solve the following and respond with only the final answer: What is 74 plus 47?,132
Solve the following and respond with only the final answer: What is 86 plus 75?,Solve the following and respond with only the final answer: What is 86 plus 16?,161
Solve the following and respond with only the final answer: What is 88 plus 56?,Solve the following and respond with only the final answer: What is 88 plus 38?,144
Solve the following and respond with only the final answer: What is 74 plus 44?,Solve the following and respond with only the final answer: What is 74 plus 43?,118
Solve the following and respond with only the final answer: What is 60 plus 27?,Solve the following and respond with only the final answer: What is 60 plus 59?,87
Solve the following and respond with only the final answer: What is 51 plus 97?,Solve the following and respond with only the final answer: What is 51 plus 14?,148
Solve the following and respond with only the final answer: What is 47 plus 80?,Solve the following and respond with only the final answer: What is 47 plus 99?,127
Solve the following and respond with only the final answer: What is 21 plus 86?,Solve the following and respond with only the final answer: What is 21 plus 13?,107
Solve the following and respond with only the final answer: What is 41 plus 46?,Solve the following and respond with only the final answer: What is 41 plus 70?,87
Solve the following and respond with only the final answer: What is 50 plus 10?,Solve the following and respond with only the final answer: What is 50 plus 79?,60
Solve the following and respond with only the final answer: What is 86 plus 19?,Solve the following and respond with only the final answer: What is 86 plus 93?,105
Solve the following and respond with only the final answer: What is 59 plus 81?,Solve the following and respond with only the final answer: What is 59 plus 44?,140
Solve the following and respond with only the final answer: What is 88 plus 29?,Solve the following and respond with only the final answer: What is 88 plus 19?,117
Solve the following and respond with only the final answer: What is 23 plus 75?,Solve the following and respond with only the final answer: What is 23 plus 63?,98
Solve the following and respond with only the final answer: What is 22 plus 43?,Solve the following and respond with only the final answer: What is 22 plus 27?,65
Solve the following and respond with only the final answer: What is 12 plus 27?,Solve the following and respond with only the final answer: What is 12 plus 80?,39
Solve the following and respond with only the final answer: What is 94 plus 21?,Solve the following and respond with only the final answer: What is 94 plus 74?,115
Solve the following and respond with only the final answer: What is 41 plus 84?,Solve the following and respond with only the final answer: What is 41 plus 33?,125
Solve the following and respond with only the final answer: What is 28 plus 19?,Solve the following and respond with only the final answer: What is 28 plus 67?,47
Solve the following and respond with only the final answer: What is 58 plus 94?,Solve the following and respond with only the final answer: What is 58 plus 49?,152
Solve the following and respond with only the final answer: What is 87 plus 22?,Solve the following and respond with only the final answer: What is 87 plus 15?,109
Solve the following and respond with only the final answer: What is 79 plus 63?,Solve the following and respond with only the final answer: What is 79 plus 22?,142
Solve the following and respond with only the final answer: What is 48 plus 66?,Solve the following and respond with only the final answer: What is 48 plus 26?,114
Solve the following and respond with only the final answer: What is 97 plus 49?,Solve the following and respond with only the final answer: What is 97 plus 79?,146
Solve the following and respond with only the final answer: What is 47 plus 27?,Solve the following and respond with only the final answer: What is 47 plus 47?,74
Solve the following and respond with only the final answer: What is 83 plus 79?,Solve the following and respond with only the final answer: What is 83 plus 71?,162
Solve the following and respond with only the final answer: What is 81 plus 34?,Solve the following and respond with only the final answer: What is 81 plus 48?,115
Solve the following and respond with only the final answer: What is 78 plus 80?,Solve the following and respond with only the final answer: What is 78 plus 67?,158
Solve the following and respond with only the final answer: What is 39 plus 68?,Solve the following and respond with only the final answer: What is 39 plus 56?,107
Solve the following and respond with only the final answer: What is 69 plus 10?,Solve the following and respond with only the final answer: What is 69 plus 76?,79
Solve the following and respond with only the final answer: What is 13 plus 98?,Solve the following and respond with only the final answer: What is 13 plus 42?,111
Solve the following and respond with only the final answer: What is 17 plus 60?,Solve the following and respond with only the final answer: What is 17 plus 88?,77
Solve the following and respond with only the final answer: What is 37 plus 37?,Solve the following and respond with only the final answer: What is 37 plus 61?,74
Solve the following and respond with only the final answer: What is 93 plus 35?,Solve the following and respond with only the final answer: What is 93 plus 96?,128
Solve the following and respond with only the final answer: What is 21 plus 98?,Solve the following and respond with only the final answer: What is 21 plus 79?,119
Solve the following and respond with only the final answer: What is 24 plus 72?,Solve the following and respond with only the final answer: What is 24 plus 26?,96
Solve the following and respond with only the final answer: What is 66 plus 22?,Solve the following and respond with only the final answer: What is 66 plus 32?,88
Solve the following and respond with only the final answer: What is 10 plus 24?,Solve the following and respond with only the final answer: What is 10 plus 76?,34
Solve the following and respond with only the final answer: What is 98 plus 87?,Solve the following and respond with only the final answer: What is 98 plus 37?,185
Solve the following and respond with only the final answer: What is 71 plus 23?,Solve the following and respond with only the final answer: What is 71 plus 41?,94
Solve the following and respond with only the final answer: What is 86 plus 87?,Solve the following and respond with only the final answer: What is 86 plus 28?,173
Solve the following and respond with only the final answer: What is 25 plus 29?,Solve the following and respond with only the final answer: What is 25 plus 93?,54
Solve the following and respond with only the final answer: What is 50 plus 15?,Solve the following and respond with only the final answer: What is 50 plus 84?,65
Solve the following and respond with only the final answer: What is 24 plus 45?,Solve the following and respond with only the final answer: What is 24 plus 64?,69
Solve the following and respond with only the final answer: What is 57 plus 71?,Solve the following and respond with only the final answer: What is 57 plus 55?,128
Solve the following and respond with only the final answer: What is 20 plus 38?,Solve the following and respond with only the final answer: What is 20 plus 36?,58
Solve the following and respond with only the final answer: What is 34 plus 28?,Solve the following and respond with only the final answer: What is 34 plus 14?,62
Solve the following and respond with only the final answer: What is 27 plus 19?,Solve the following and respond with only the final answer: What is 27 plus 79?,46
Solve the following and respond with only the final answer: What is 34 plus 99?,Solve the following and respond with only the final answer: What is 34 plus 38?,133
Solve the following and respond with only the final answer: What is 29 plus 14?,Solve the following and respond with only the final answer: What is 29 plus 73?,43
Solve the following and respond with only the final answer: What is 55 plus 75?,Solve the following and respond with only the final answer: What is 55 plus 95?,130
Solve the following and respond with only the final answer: What is 68 plus 38?,Solve the following and respond with only the final answer: What is 68 plus 15?,106
Solve the following and respond with only the final answer: What is 90 plus 19?,Solve the following and respond with only the final answer: What is 90 plus 68?,109
Solve the following and respond with only the final answer: What is 51 plus 96?,Solve the following and respond with only the final answer: What is 51 plus 45?,147
Solve the following and respond with only the final answer: What is 39 plus 50?,Solve the following and respond with only the final answer: What is 39 plus 27?,89
Solve the following and respond with only the final answer: What is 94 plus 99?,Solve the following and respond with only the final answer: What is 94 plus 25?,193
Solve the following and respond with only the final answer: What is 54 plus 25?,Solve the following and respond with only the final answer: What is 54 plus 52?,79
Solve the following and respond with only the final answer: What is 74 plus 83?,Solve the following and respond with only the final answer: What is 74 plus 49?,157
Solve the following and respond with only the final answer: What is 57 plus 81?,Solve the following and respond with only the final answer: What is 57 plus 44?,138
Solve the following and respond with only the final answer: What is 89 plus 83?,Solve the following and respond with only the final answer: What is 89 plus 70?,172
Solve the following and respond with only the final answer: What is 94 plus 74?,Solve the following and respond with only the final answer: What is 94 plus 57?,168
Solve the following and respond with only the final answer: What is 49 plus 42?,Solve the following and respond with only the final answer: What is 49 plus 25?,91
Solve the following and respond with only the final answer: What is 96 plus 74?,Solve the following and respond with only the final answer: What is 96 plus 13?,170
Solve the following and respond with only the final answer: What is 72 plus 23?,Solve the following and respond with only the final answer: What is 72 plus 70?,95
Solve the following and respond with only the final answer: What is 88 plus 40?,Solve the following and respond with only the final answer: What is 88 plus 45?,128
Solve the following and respond with only the final answer: What is 30 plus 15?,Solve the following and respond with only the final answer: What is 30 plus 90?,45
Solve the following and respond with only the final answer: What is 62 plus 58?,Solve the following and respond with only the final answer: What is 62 plus 43?,120
Solve the following and respond with only the final answer: What is 10 plus 78?,Solve the following and respond with only the final answer: What is 10 plus 57?,88
Solve the following and respond with only the final answer: What is 13 plus 98?,Solve the following and respond with only the final answer: What is 13 plus 61?,111
Solve the following and respond with only the final answer: What is 25 plus 91?,Solve the following and respond with only the final answer: What is 25 plus 93?,116
Solve the following and respond with only the final answer: What is 11 plus 48?,Solve the following and respond with only the final answer: What is 11 plus 32?,59
Solve the following and respond with only the final answer: What is 55 plus 33?,Solve the following and respond with only the final answer: What is 55 plus 23?,88
Solve the following and respond with only the final answer: What is 82 plus 55?,Solve the following and respond with only the final answer: What is 82 plus 74?,137
Solve the following and respond with only the final answer: What is 70 plus 27?,Solve the following and respond with only the final answer: What is 70 plus 36?,97
Solve the following and respond with only the final answer: What is 75 plus 75?,Solve the following and respond with only the final answer: What is 75 plus 72?,150
Solve the following and respond with only the final answer: What is 75 plus 37?,Solve the following and respond with only the final answer: What is 75 plus 72?,112
Solve the following and respond with only the final answer: What is 99 plus 59?,Solve the following and respond with only the final answer: What is 99 plus 45?,158
Solve the following and respond with only the final answer: What is 64 plus 44?,Solve the following and respond with only the final answer: What is 64 plus 70?,108
Solve the following and respond with only the final answer: What is 13 plus 47?,Solve the following and respond with only the final answer: What is 13 plus 81?,60
Solve the following and respond with only the final answer: What is 85 plus 85?,Solve the following and respond with only the final answer: What is 85 plus 53?,170
Solve the following and respond with only the final answer: What is 42 plus 66?,Solve the following and respond with only the final answer: What is 42 plus 88?,108
Solve the following and respond with only the final answer: What is 71 plus 45?,Solve the following and respond with only the final answer: What is 71 plus 59?,116
Solve the following and respond with only the final answer: What is 81 plus 67?,Solve the following and respond with only the final answer: What is 81 plus 98?,148
Solve the following and respond with only the final answer: What is 53 plus 68?,Solve the following and respond with only the final answer: What is 53 plus 40?,121
Solve the following and respond with only the final answer: What is 80 plus 24?,Solve the following and respond with only the final answer: What is 80 plus 44?,104
Solve the following and respond with only the final answer: What is 67 plus 18?,Solve the following and respond with only the final answer: What is 67 plus 52?,85
Solve the following and respond with only the final answer: What is 22 plus 91?,Solve the following and respond with only the final answer: What is 22 plus 34?,113
Solve the following and respond with only the final answer: What is 34 plus 19?,Solve the following and respond with only the final answer: What is 34 plus 90?,53
Solve the following and respond with only the final answer: What is 69 plus 30?,Solve the following and respond with only the final answer: What is 69 plus 39?,99
Solve the following and respond with only the final answer: What is 15 plus 52?,Solve the following and respond with only the final answer: What is 15 plus 60?,67
Solve the following and respond with only the final answer: What is 67 plus 25?,Solve the following and respond with only the final answer: What is 67 plus 59?,92
Solve the following and respond with only the final answer: What is 79 plus 46?,Solve the following and respond with only the final answer: What is 79 plus 26?,125
Solve the following and respond with only the final answer: What is 46 plus 17?,Solve the following and respond with only the final answer: What is 46 plus 77?,63
Solve the following and respond with only the final answer: What is 21 plus 44?,Solve the following and respond with only the final answer: What is 21 plus 69?,65
Solve the following and respond with only the final answer: What is 66 plus 70?,Solve the following and respond with only the final answer: What is 66 plus 92?,136
Solve the following and respond with only the final answer: What is 93 plus 74?,Solve the following and respond with only the final answer: What is 93 plus 71?,167
Solve the following and respond with only the final answer: What is 79 plus 62?,Solve the following and respond with only the final answer: What is 79 plus 40?,141
Solve the following and respond with only the final answer: What is 23 plus 45?,Solve the following and respond with only the final answer: What is 23 plus 50?,68
Solve the following and respond with only the final answer: What is 17 plus 98?,Solve the following and respond with only the final answer: What is 17 plus 41?,115
Solve the following and respond with only the final answer: What is 30 plus 49?,Solve the following and respond with only the final answer: What is 30 plus 52?,79
Solve the following and respond with only the final answer: What is 88 plus 88?,Solve the following and respond with only the final answer: What is 88 plus 49?,176
Solve the following and respond with only the final answer: What is 83 plus 41?,Solve the following and respond with only the final answer: What is 83 plus 36?,124
Solve the following and respond with only the final answer: What is 97 plus 47?,Solve the following and respond with only the final answer: What is 97 plus 98?,144
Solve the following and respond with only the final answer: What is 31 plus 15?,Solve the following and respond with only the final answer: What is 31 plus 76?,46
Solve the following and respond with only the final answer: What is 38 plus 13?,Solve the following and respond with only the final answer: What is 38 plus 44?,51
Solve the following and respond with only the final answer: What is 34 plus 23?,Solve the following and respond with only the final answer: What is 34 plus 99?,57
Solve the following and respond with only the final answer: What is 60 plus 97?,Solve the following and respond with only the final answer: What is 60 plus 98?,157
Solve the following and respond with only the final answer: What is 89 plus 58?,Solve the following and respond with only the final answer: What is 89 plus 58?,147
Solve the following and respond with only the final answer: What is 45 plus 55?,Solve the following and respond with only the final answer: What is 45 plus 75?,100
Solve the following and respond with only the final answer: What is 30 plus 90?,Solve the following and respond with only the final answer: What is 30 plus 82?,120
Solve the following and respond with only the final answer: What is 51 plus 25?,Solve the following and respond with only the final answer: What is 51 plus 81?,76
Solve the following and respond with only the final answer: What is 27 plus 66?,Solve the following and respond with only the final answer: What is 27 plus 37?,93
Solve the following and respond with only the final answer: What is 78 plus 42?,Solve the following and respond with only the final answer: What is 78 plus 13?,120
Solve the following and respond with only the final answer: What is 60 plus 43?,Solve the following and respond with only the final answer: What is 60 plus 23?,103
Solve the following and respond with only the final answer: What is 25 plus 94?,Solve the following and respond with only the final answer: What is 25 plus 74?,119
Solve the following and respond with only the final answer: What is 21 plus 77?,Solve the following and respond with only the final answer: What is 21 plus 40?,98
Solve the following and respond with only the final answer: What is 35 plus 27?,Solve the following and respond with only the final answer: What is 35 plus 93?,62
Solve the following and respond with only the final answer: What is 58 plus 97?,Solve the following and respond with only the final answer: What is 58 plus 60?,155
Solve the following and respond with only the final answer: What is 94 plus 93?,Solve the following and respond with only the final answer: What is 94 plus 19?,187
Solve the following and respond with only the final answer: What is 69 plus 49?,Solve the following and respond with only the final answer: What is 69 plus 76?,118
Solve the following and respond with only the final answer: What is 69 plus 94?,Solve the following and respond with only the final answer: What is 69 plus 95?,163
Solve the following and respond with only the final answer: What is 64 plus 68?,Solve the following and respond with only the final answer: What is 64 plus 23?,132
Solve the following and respond with only the final answer: What is 89 plus 74?,Solve the following and respond with only the final answer: What is 89 plus 64?,163
Solve the following and respond with only the final answer: What is 50 plus 38?,Solve the following and respond with only the final answer: What is 50 plus 18?,88
Solve the following and respond with only the final answer: What is 57 plus 57?,Solve the following and respond with only the final answer: What is 57 plus 50?,114
Solve the following and respond with only the final answer: What is 32 plus 25?,Solve the following and respond with only the final answer: What is 32 plus 55?,57
Solve the following and respond with only the final answer: What is 77 plus 30?,Solve the following and respond with only the final answer: What is 77 plus 60?,107
Solve the following and respond with only the final answer: What is 91 plus 49?,Solve the following and respond with only the final answer: What is 91 plus 31?,140
Solve the following and respond with only the final answer: What is 44 plus 25?,Solve the following and respond with only the final answer: What is 44 plus 97?,69
Solve the following and respond with only the final answer: What is 65 plus 81?,Solve the following and respond with only the final answer: What is 65 plus 84?,146
Solve the following and respond with only the final answer: What is 18 plus 27?,Solve the following and respond with only the final answer: What is 18 plus 80?,45
Solve the following and respond with only the final answer: What is 69 plus 16?,Solve the following and respond with only the final answer: What is 69 plus 88?,85
Solve the following and respond with only the final answer: What is 21 plus 62?,Solve the following and respond with only the final answer: What is 21 plus 83?,83
Solve the following and respond with only the final answer: What is 16 plus 42?,Solve the following and respond with only the final answer: What is 16 plus 10?,58
Solve the following and respond with only the final answer: What is 88 plus 40?,Solve the following and respond with only the final answer: What is 88 plus 33?,128
Solve the following and respond with only the final answer: What is 37 plus 51?,Solve the following and respond with only the final answer: What is 37 plus 41?,88
Solve the following and respond with only the final answer: What is 26 plus 17?,Solve the following and respond with only the final answer: What is 26 plus 15?,43
Solve the following and respond with only the final answer: What is 65 plus 91?,Solve the following and respond with only the final answer: What is 65 plus 12?,156
Solve the following and respond with only the final answer: What is 69 plus 89?,Solve the following and respond with only the final answer: What is 69 plus 64?,158
Solve the following and respond with only the final answer: What is 20 plus 43?,Solve the following and respond with only the final answer: What is 20 plus 62?,63
Solve the following and respond with only the final answer: What is 61 plus 19?,Solve the following and respond with only the final answer: What is 61 plus 84?,80
Solve the following and respond with only the final answer: What is 54 plus 53?,Solve the following and respond with only the final answer: What is 54 plus 94?,107
Solve the following and respond with only the final answer: What is 81 plus 85?,Solve the following and respond with only the final answer: What is 81 plus 28?,166
Solve the following and respond with only the final answer: What is 24 plus 26?,Solve the following and respond with only the final answer: What is 24 plus 56?,50
Solve the following and respond with only the final answer: What is 44 plus 84?,Solve the following and respond with only the final answer: What is 44 plus 14?,128
Solve the following and respond with only the final answer: What is 46 plus 80?,Solve the following and respond with only the final answer: What is 46 plus 30?,126
Solve the following and respond with only the final answer: What is 64 plus 84?,Solve the following and respond with only the final answer: What is 64 plus 67?,148
Solve the following and respond with only the final answer: What is 86 plus 43?,Solve the following and respond with only the final answer: What is 86 plus 17?,129
Solve the following and respond with only the final answer: What is 53 plus 73?,Solve the following and respond with only the final answer: What is 53 plus 50?,126
Solve the following and respond with only the final answer: What is 80 plus 53?,Solve the following and respond with only the final answer: What is 80 plus 11?,133
Solve the following and respond with only the final answer: What is 15 plus 21?,Solve the following and respond with only the final answer: What is 15 plus 95?,36
Solve the following and respond with only the final answer: What is 30 plus 59?,Solve the following and respond with only the final answer: What is 30 plus 90?,89
Solve the following and respond with only the final answer: What is 73 plus 81?,Solve the following and respond with only the final answer: What is 73 plus 90?,154
Solve the following and respond with only the final answer: What is 10 plus 69?,Solve the following and respond with only the final answer: What is 10 plus 69?,79
Solve the following and respond with only the final answer: What is 81 plus 39?,Solve the following and respond with only the final answer: What is 81 plus 28?,120
Solve the following and respond with only the final answer: What is 81 plus 18?,Solve the following and respond with only the final answer: What is 81 plus 76?,99
Solve the following and respond with only the final answer: What is 14 plus 98?,Solve the following and respond with only the final answer: What is 14 plus 79?,112
Solve the following and respond with only the final answer: What is 21 plus 44?,Solve the following and respond with only the final answer: What is 21 plus 18?,65
Solve the following and respond with only the final answer: What is 60 plus 78?,Solve the following and respond with only the final answer: What is 60 plus 31?,138
Solve the following and respond with only the final answer: What is 34 plus 65?,Solve the following and respond with only the final answer: What is 34 plus 81?,99
Solve the following and respond with only the final answer: What is 60 plus 14?,Solve the following and respond with only the final answer: What is 60 plus 24?,74
Solve the following and respond with only the final answer: What is 12 plus 97?,Solve the following and respond with only the final answer: What is 12 plus 63?,109
Solve the following and respond with only the final answer: What is 70 plus 51?,Solve the following and respond with only the final answer: What is 70 plus 40?,121
Solve the following and respond with only the final answer: What is 74 plus 57?,Solve the following and respond with only the final answer: What is 74 plus 12?,131
Solve the following and respond with only the final answer: What is 50 plus 37?,Solve the following and respond with only the final answer: What is 50 plus 41?,87
Solve the following and respond with only the final answer: What is 66 plus 55?,Solve the following and respond with only the final answer: What is 66 plus 11?,121
Solve the following and respond with only the final answer: What is 15 plus 15?,Solve the following and respond with only the final answer: What is 15 plus 12?,30
Solve the following and respond with only the final answer: What is 27 plus 30?,Solve the following and respond with only the final answer: What is 27 plus 48?,57
Solve the following and respond with only the final answer: What is 81 plus 33?,Solve the following and respond with only the final answer: What is 81 plus 31?,114
Solve the following and respond with only the final answer: What is 75 plus 89?,Solve the following and respond with only the final answer: What is 75 plus 51?,164
Solve the following and respond with only the final answer: What is 99 plus 50?,Solve the following and respond with only the final answer: What is 99 plus 52?,149
Solve the following and respond with only the final answer: What is 58 plus 20?,Solve the following and respond with only the final answer: What is 58 plus 37?,78
Solve the following and respond with only the final answer: What is 42 plus 12?,Solve the following and respond with only the final answer: What is 42 plus 36?,54
Solve the following and respond with only the final answer: What is 51 plus 75?,Solve the following and respond with only the final answer: What is 51 plus 62?,126
Solve the following and respond with only the final answer: What is 83 plus 67?,Solve the following and respond with only the final answer: What is 83 plus 27?,150
Solve the following and respond with only the final answer: What is 49 plus 89?,Solve the following and respond with only the final answer: What is 49 plus 56?,138
Solve the following and respond with only the final answer: What is 72 plus 84?,Solve the following and respond with only the final answer: What is 72 plus 61?,156
Solve the following and respond with only the final answer: What is 75 plus 44?,Solve the following and respond with only the final answer: What is 75 plus 28?,119
Solve the following and respond with only the final answer: What is 41 plus 32?,Solve the following and respond with only the final answer: What is 41 plus 26?,73
Solve the following and respond with only the final answer: What is 71 plus 10?,Solve the following and respond with only the final answer: What is 71 plus 62?,81
Solve the following and respond with only the final answer: What is 49 plus 96?,Solve the following and respond with only the final answer: What is 49 plus 92?,145
Solve the following and respond with only the final answer: What is 33 plus 19?,Solve the following and respond with only the final answer: What is 33 plus 85?,52
Solve the following and respond with only the final answer: What is 66 plus 27?,Solve the following and respond with only the final answer: What is 66 plus 76?,93
Solve the following and respond with only the final answer: What is 70 plus 92?,Solve the following and respond with only the final answer: What is 70 plus 96?,162
Solve the following and respond with only the final answer: What is 93 plus 14?,Solve the following and respond with only the final answer: What is 93 plus 13?,107
Solve the following and respond with only the final answer: What is 78 plus 76?,Solve the following and respond with only the final answer: What is 78 plus 40?,154
Solve the following and respond with only the final answer: What is 78 plus 67?,Solve the following and respond with only the final answer: What is 78 plus 32?,145
Solve the following and respond with only the final answer: What is 90 plus 91?,Solve the following and respond with only the final answer: What is 90 plus 88?,181
Solve the following and respond with only the final answer: What is 46 plus 99?,Solve the following and respond with only the final answer: What is 46 plus 70?,145
Solve the following and respond with only the final answer: What is 92 plus 47?,Solve the following and respond with only the final answer: What is 92 plus 73?,139
Solve the following and respond with only the final answer: What is 29 plus 86?,Solve the following and respond with only the final answer: What is 29 plus 51?,115
Solve the following and respond with only the final answer: What is 17 plus 31?,Solve the following and respond with only the final answer: What is 17 plus 82?,48
Solve the following and respond with only the final answer: What is 70 plus 69?,Solve the following and respond with only the final answer: What is 70 plus 12?,139
Solve the following and respond with only the final answer: What is 63 plus 58?,Solve the following and respond with only the final answer: What is 63 plus 66?,121
Solve the following and respond with only the final answer: What is 43 plus 56?,Solve the following and respond with only the final answer: What is 43 plus 67?,99
Solve the following and respond with only the final answer: What is 13 plus 73?,Solve the following and respond with only the final answer: What is 13 plus 16?,86
Solve the following and respond with only the final answer: What is 83 plus 17?,Solve the following and respond with only the final answer: What is 83 plus 61?,100
Solve the following and respond with only the final answer: What is 47 plus 70?,Solve the following and respond with only the final answer: What is 47 plus 31?,117
Solve the following and respond with only the final answer: What is 88 plus 65?,Solve the following and respond with only the final answer: What is 88 plus 30?,153
Solve the following and respond with only the final answer: What is 68 plus 59?,Solve the following and respond with only the final answer: What is 68 plus 69?,127
Solve the following and respond with only the final answer: What is 32 plus 91?,Solve the following and respond with only the final answer: What is 32 plus 35?,123
Solve the following and respond with only the final answer: What is 84 plus 90?,Solve the following and respond with only the final answer: What is 84 plus 46?,174
Solve the following and respond with only the final answer: What is 43 plus 62?,Solve the following and respond with only the final answer: What is 43 plus 59?,105
Solve the following and respond with only the final answer: What is 61 plus 93?,Solve the following and respond with only the final answer: What is 61 plus 84?,154
Solve the following and respond with only the final answer: What is 11 plus 89?,Solve the following and respond with only the final answer: What is 11 plus 66?,100
Solve the following and respond with only the final answer: What is 74 plus 63?,Solve the following and respond with only the final answer: What is 74 plus 23?,137
Solve the following and respond with only the final answer: What is 22 plus 56?,Solve the following and respond with only the final answer: What is 22 plus 51?,78
Solve the following and respond with only the final answer: What is 61 plus 21?,Solve the following and respond with only the final answer: What is 61 plus 31?,82
Solve the following and respond with only the final answer: What is 19 plus 63?,Solve the following and respond with only the final answer: What is 19 plus 96?,82
Solve the following and respond with only the final answer: What is 60 plus 67?,Solve the following and respond with only the final answer: What is 60 plus 25?,127
Solve the following and respond with only the final answer: What is 53 plus 24?,Solve the following and respond with only the final answer: What is 53 plus 90?,77
Solve the following and respond with only the final answer: What is 26 plus 24?,Solve the following and respond with only the final answer: What is 26 plus 17?,50
Solve the following and respond with only the final answer: What is 10 plus 85?,Solve the following and respond with only the final answer: What is 10 plus 29?,95
Solve the following and respond with only the final answer: What is 94 plus 79?,Solve the following and respond with only the final answer: What is 94 plus 25?,173
Solve the following and respond with only the final answer: What is 36 plus 83?,Solve the following and respond with only the final answer: What is 36 plus 83?,119
Solve the following and respond with only the final answer: What is 51 plus 49?,Solve the following and respond with only the final answer: What is 51 plus 88?,100
Solve the following and respond with only the final answer: What is 40 plus 54?,Solve the following and respond with only the final answer: What is 40 plus 67?,94
Solve the following and respond with only the final answer: What is 42 plus 67?,Solve the following and respond with only the final answer: What is 42 plus 79?,109
Solve the following and respond with only the final answer: What is 61 plus 23?,Solve the following and respond with only the final answer: What is 61 plus 32?,84
Solve the following and respond with only the final answer: What is 58 plus 75?,Solve the following and respond with only the final answer: What is 58 plus 48?,133
Solve the following and respond with only the final answer: What is 48 plus 80?,Solve the following and respond with only the final answer: What is 48 plus 70?,128
Solve the following and respond with only the final answer: What is 40 plus 19?,Solve the following and respond with only the final answer: What is 40 plus 47?,59
Solve the following and respond with only the final answer: What is 72 plus 27?,Solve the following and respond with only the final answer: What is 72 plus 14?,99
Solve the following and respond with only the final answer: What is 99 plus 81?,Solve the following and respond with only the final answer: What is 99 plus 96?,180
Solve the following and respond with only the final answer: What is 94 plus 30?,Solve the following and respond with only the final answer: What is 94 plus 14?,124
Solve the following and respond with only the final answer: What is 16 plus 57?,Solve the following and respond with only the final answer: What is 16 plus 78?,73
Solve the following and respond with only the final answer: What is 66 plus 96?,Solve the following and respond with only the final answer: What is 66 plus 47?,162
Solve the following and respond with only the final answer: What is 52 plus 43?,Solve the following and respond with only the final answer: What is 52 plus 49?,95
Solve the following and respond with only the final answer: What is 82 plus 83?,Solve the following and respond with only the final answer: What is 82 plus 26?,165
Solve the following and respond with only the final answer: What is 36 plus 68?,Solve the following and respond with only the final answer: What is 36 plus 23?,104
Solve the following and respond with only the final answer: What is 79 plus 24?,Solve the following and respond with only the final answer: What is 79 plus 74?,103
Solve the following and respond with only the final answer: What is 64 plus 41?,Solve the following and respond with only the final answer: What is 64 plus 55?,105
Solve the following and respond with only the final answer: What is 41 plus 81?,Solve the following and respond with only the final answer: What is 41 plus 86?,122
Solve the following and respond with only the final answer: What is 96 plus 87?,Solve the following and respond with only the final answer: What is 96 plus 67?,183
Solve the following and respond with only the final answer: What is 95 plus 68?,Solve the following and respond with only the final answer: What is 95 plus 74?,163
Solve the following and respond with only the final answer: What is 19 plus 25?,Solve the following and respond with only the final answer: What is 19 plus 10?,44
Solve the following and respond with only the final answer: What is 28 plus 86?,Solve the following and respond with only the final answer: What is 28 plus 60?,114
Solve the following and respond with only the final answer: What is 78 plus 35?,Solve the following and respond with only the final answer: What is 78 plus 66?,113
Solve the following and respond with only the final answer: What is 79 plus 18?,Solve the following and respond with only the final answer: What is 79 plus 60?,97
Solve the following and respond with only the final answer: What is 90 plus 37?,Solve the following and respond with only the final answer: What is 90 plus 28?,127
Solve the following and respond with only the final answer: What is 29 plus 29?,Solve the following and respond with only the final answer: What is 29 plus 40?,58
Solve the following and respond with only the final answer: What is 48 plus 17?,Solve the following and respond with only the final answer: What is 48 plus 18?,65
Solve the following and respond with only the final answer: What is 17 plus 11?,Solve the following and respond with only the final answer: What is 17 plus 44?,28
Solve the following and respond with only the final answer: What is 21 plus 56?,Solve the following and respond with only the final answer: What is 21 plus 70?,77
Solve the following and respond with only the final answer: What is 23 plus 74?,Solve the following and respond with only the final answer: What is 23 plus 98?,97
Solve the following and respond with only the final answer: What is 12 plus 48?,Solve the following and respond with only the final answer: What is 12 plus 69?,60
Solve the following and respond with only the final answer: What is 51 plus 17?,Solve the following and respond with only the final answer: What is 51 plus 76?,68
Solve the following and respond with only the final answer: What is 23 plus 85?,Solve the following and respond with only the final answer: What is 23 plus 52?,108
Solve the following and respond with only the final answer: What is 93 plus 31?,Solve the following and respond with only the final answer: What is 93 plus 22?,124
Solve the following and respond with only the final answer: What is 87 plus 46?,Solve the following and respond with only the final answer: What is 87 plus 15?,133
Solve the following and respond with only the final answer: What is 27 plus 93?,Solve the following and respond with only the final answer: What is 27 plus 72?,120
Solve the following and respond with only the final answer: What is 13 plus 70?,Solve the following and respond with only the final answer: What is 13 plus 92?,83
Solve the following and respond with only the final answer: What is 50 plus 89?,Solve the following and respond with only the final answer: What is 50 plus 60?,139
Solve the following and respond with only the final answer: What is 57 plus 54?,Solve the following and respond with only the final answer: What is 57 plus 26?,111
Solve the following and respond with only the final answer: What is 35 plus 82?,Solve the following and respond with only the final answer: What is 35 plus 77?,117
Solve the following and respond with only the final answer: What is 20 plus 48?,Solve the following and respond with only the final answer: What is 20 plus 55?,68
Solve the following and respond with only the final answer: What is 16 plus 17?,Solve the following and respond with only the final answer: What is 16 plus 14?,33
Solve the following and respond with only the final answer: What is 33 plus 51?,Solve the following and respond with only the final answer: What is 33 plus 63?,84
Solve the following and respond with only the final answer: What is 94 plus 87?,Solve the following and respond with only the final answer: What is 94 plus 39?,181
Solve the following and respond with only the final answer: What is 99 plus 42?,Solve the following and respond with only the final answer: What is 99 plus 34?,141
Solve the following and respond with only the final answer: What is 71 plus 83?,Solve the following and respond with only the final answer: What is 71 plus 78?,154
Solve the following and respond with only the final answer: What is 14 plus 20?,Solve the following and respond with only the final answer: What is 14 plus 80?,34
Solve the following and respond with only the final answer: What is 60 plus 39?,Solve the following and respond with only the final answer: What is 60 plus 57?,99
Solve the following and respond with only the final answer: What is 69 plus 36?,Solve the following and respond with only the final answer: What is 69 plus 64?,105
Solve the following and respond with only the final answer: What is 84 plus 38?,Solve the following and respond with only the final answer: What is 84 plus 52?,122
Solve the following and respond with only the final answer: What is 40 plus 14?,Solve the following and respond with only the final answer: What is 40 plus 31?,54
Solve the following and respond with only the final answer: What is 44 plus 59?,Solve the following and respond with only the final answer: What is 44 plus 83?,103
Solve the following and respond with only the final answer: What is 97 plus 22?,Solve the following and respond with only the final answer: What is 97 plus 33?,119
Solve the following and respond with only the final answer: What is 60 plus 86?,Solve the following and respond with only the final answer: What is 60 plus 59?,146
Solve the following and respond with only the final answer: What is 96 plus 19?,Solve the following and respond with only the final answer: What is 96 plus 79?,115
Solve the following and respond with only the final answer: What is 60 plus 28?,Solve the following and respond with only the final answer: What is 60 plus 19?,88
Solve the following and respond with only the final answer: What is 83 plus 25?,Solve the following and respond with only the final answer: What is 83 plus 73?,108
Solve the following and respond with only the final answer: What is 50 plus 62?,Solve the following and respond with only the final answer: What is 50 plus 72?,112
Solve the following and respond with only the final answer: What is 88 plus 94?,Solve the following and respond with only the final answer: What is 88 plus 90?,182
Solve the following and respond with only the final answer: What is 96 plus 24?,Solve the following and respond with only the final answer: What is 96 plus 20?,120
Solve the following and respond with only the final answer: What is 90 plus 91?,Solve the following and respond with only the final answer: What is 90 plus 31?,181
Solve the following and respond with only the final answer: What is 22 plus 67?,Solve the following and respond with only the final answer: What is 22 plus 17?,89
Solve the following and respond with only the final answer: What is 63 plus 88?,Solve the following and respond with only the final answer: What is 63 plus 97?,151
Solve the following and respond with only the final answer: What is 46 plus 81?,Solve the following and respond with only the final answer: What is 46 plus 44?,127
Solve the following and respond with only the final answer: What is 80 plus 90?,Solve the following and respond with only the final answer: What is 80 plus 68?,170
Solve the following and respond with only the final answer: What is 40 plus 95?,Solve the following and respond with only the final answer: What is 40 plus 34?,135
Solve the following and respond with only the final answer: What is 69 plus 41?,Solve the following and respond with only the final answer: What is 69 plus 20?,110
Solve the following and respond with only the final answer: What is 28 plus 61?,Solve the following and respond with only the final answer: What is 28 plus 36?,89
Solve the following and respond with only the final answer: What is 98 plus 41?,Solve the following and respond with only the final answer: What is 98 plus 15?,139
Solve the following and respond with only the final answer: What is 76 plus 47?,Solve the following and respond with only the final answer: What is 76 plus 31?,123
Solve the following and respond with only the final answer: What is 31 plus 45?,Solve the following and respond with only the final answer: What is 31 plus 43?,76
Solve the following and respond with only the final answer: What is 67 plus 47?,Solve the following and respond with only the final answer: What is 67 plus 26?,114
Solve the following and respond with only the final answer: What is 74 plus 33?,Solve the following and respond with only the final answer: What is 74 plus 57?,107
Solve the following and respond with only the final answer: What is 78 plus 92?,Solve the following and respond with only the final answer: What is 78 plus 95?,170
Solve the following and respond with only the final answer: What is 41 plus 74?,Solve the following and respond with only the final answer: What is 41 plus 75?,115
Solve the following and respond with only the final answer: What is 79 plus 70?,Solve the following and respond with only the final answer: What is 79 plus 83?,149
Solve the following and respond with only the final answer: What is 39 plus 71?,Solve the following and respond with only the final answer: What is 39 plus 48?,110
Solve the following and respond with only the final answer: What is 75 plus 19?,Solve the following and respond with only the final answer: What is 75 plus 87?,94
Solve the following and respond with only the final answer: What is 65 plus 70?,Solve the following and respond with only the final answer: What is 65 plus 18?,135
Solve the following and respond with only the final answer: What is 57 plus 57?,Solve the following and respond with only the final answer: What is 57 plus 79?,114
Solve the following and respond with only the final answer: What is 49 plus 96?,Solve the following and respond with only the final answer: What is 49 plus 38?,145
Solve the following and respond with only the final answer: What is 67 plus 43?,Solve the following and respond with only the final answer: What is 67 plus 66?,110
Solve the following and respond with only the final answer: What is 82 plus 54?,Solve the following and respond with only the final answer: What is 82 plus 68?,136
Solve the following and respond with only the final answer: What is 32 plus 31?,Solve the following and respond with only the final answer: What is 32 plus 91?,63
Solve the following and respond with only the final answer: What is 18 plus 99?,Solve the following and respond with only the final answer: What is 18 plus 96?,117
Solve the following and respond with only the final answer: What is 41 plus 60?,Solve the following and respond with only the final answer: What is 41 plus 34?,101
Solve the following and respond with only the final answer: What is 28 plus 63?,Solve the following and respond with only the final answer: What is 28 plus 45?,91
Solve the following and respond with only the final answer: What is 36 plus 53?,Solve the following and respond with only the final answer: What is 36 plus 39?,89
Solve the following and respond with only the final answer: What is 72 plus 91?,Solve the following and respond with only the final answer: What is 72 plus 50?,163
Solve the following and respond with only the final answer: What is 81 plus 82?,Solve the following and respond with only the final answer: What is 81 plus 99?,163
Solve the following and respond with only the final answer: What is 37 plus 67?,Solve the following and respond with only the final answer: What is 37 plus 35?,104
Solve the following and respond with only the final answer: What is 26 plus 90?,Solve the following and respond with only the final answer: What is 26 plus 95?,116
Solve the following and respond with only the final answer: What is 55 plus 96?,Solve the following and respond with only the final answer: What is 55 plus 77?,151
Solve the following and respond with only the final answer: What is 34 plus 64?,Solve the following and respond with only the final answer: What is 34 plus 13?,98
Solve the following and respond with only the final answer: What is 77 plus 21?,Solve the following and respond with only the final answer: What is 77 plus 13?,98
Solve the following and respond with only the final answer: What is 14 plus 25?,Solve the following and respond with only the final answer: What is 14 plus 88?,39
Solve the following and respond with only the final answer: What is 54 plus 70?,Solve the following and respond with only the final answer: What is 54 plus 17?,124
Solve the following and respond with only the final answer: What is 80 plus 96?,Solve the following and respond with only the final answer: What is 80 plus 43?,176
Solve the following and respond with only the final answer: What is 20 plus 37?,Solve the following and respond with only the final answer: What is 20 plus 73?,57
Solve the following and respond with only the final answer: What is 33 plus 46?,Solve the following and respond with only the final answer: What is 33 plus 77?,79
Solve the following and respond with only the final answer: What is 75 plus 59?,Solve the following and respond with only the final answer: What is 75 plus 86?,134
Solve the following and respond with only the final answer: What is 43 plus 59?,Solve the following and respond with only the final answer: What is 43 plus 77?,102
Solve the following and respond with only the final answer: What is 65 plus 84?,Solve the following and respond with only the final answer: What is 65 plus 14?,149
Solve the following and respond with only the final answer: What is 58 plus 26?,Solve the following and respond with only the final answer: What is 58 plus 47?,84
Solve the following and respond with only the final answer: What is 41 plus 26?,Solve the following and respond with only the final answer: What is 41 plus 31?,67
Solve the following and respond with only the final answer: What is 39 plus 48?,Solve the following and respond with only the final answer: What is 39 plus 12?,87
Solve the following and respond with only the final answer: What is 84 plus 85?,Solve the following and respond with only the final answer: What is 84 plus 42?,169
Solve the following and respond with only the final answer: What is 78 plus 96?,Solve the following and respond with only the final answer: What is 78 plus 87?,174
Solve the following and respond with only the final answer: What is 80 plus 48?,Solve the following and respond with only the final answer: What is 80 plus 33?,128
Solve the following and respond with only the final answer: What is 37 plus 65?,Solve the following and respond with only the final answer: What is 37 plus 87?,102
Solve the following and respond with only the final answer: What is 97 plus 92?,Solve the following and respond with only the final answer: What is 97 plus 93?,189
Solve the following and respond with only the final answer: What is 39 plus 72?,Solve the following and respond with only the final answer: What is 39 plus 90?,111
Solve the following and respond with only the final answer: What is 37 plus 56?,Solve the following and respond with only the final answer: What is 37 plus 16?,93
Solve the following and respond with only the final answer: What is 53 plus 37?,Solve the following and respond with only the final answer: What is 53 plus 53?,90
Solve the following and respond with only the final answer: What is 83 plus 63?,Solve the following and respond with only the final answer: What is 83 plus 80?,146
Solve the following and respond with only the final answer: What is 76 plus 50?,Solve the following and respond with only the final answer: What is 76 plus 36?,126
Solve the following and respond with only the final answer: What is 74 plus 24?,Solve the following and respond with only the final answer: What is 74 plus 51?,98
Solve the following and respond with only the final answer: What is 80 plus 70?,Solve the following and respond with only the final answer: What is 80 plus 45?,150
Solve the following and respond with only the final answer: What is 43 plus 63?,Solve the following and respond with only the final answer: What is 43 plus 64?,106
Solve the following and respond with only the final answer: What is 32 plus 66?,Solve the following and respond with only the final answer: What is 32 plus 93?,98
Solve the following and respond with only the final answer: What is 23 plus 37?,Solve the following and respond with only the final answer: What is 23 plus 21?,60
Solve the following and respond with only the final answer: What is 48 plus 30?,Solve the following and respond with only the final answer: What is 48 plus 17?,78
Solve the following and respond with only the final answer: What is 56 plus 16?,Solve the following and respond with only the final answer: What is 56 plus 46?,72
Solve the following and respond with only the final answer: What is 79 plus 17?,Solve the following and respond with only the final answer: What is 79 plus 55?,96
Solve the following and respond with only the final answer: What is 16 plus 91?,Solve the following and respond with only the final answer: What is 16 plus 56?,107
Solve the following and respond with only the final answer: What is 99 plus 98?,Solve the following and respond with only the final answer: What is 99 plus 88?,197
Solve the following and respond with only the final answer: What is 92 plus 91?,Solve the following and respond with only the final answer: What is 92 plus 30?,183
Solve the following and respond with only the final answer: What is 24 plus 26?,Solve the following and respond with only the final answer: What is 24 plus 95?,50
Solve the following and respond with only the final answer: What is 88 plus 31?,Solve the following and respond with only the final answer: What is 88 plus 59?,119
Solve the following and respond with only the final answer: What is 27 plus 17?,Solve the following and respond with only the final answer: What is 27 plus 94?,44
Solve the following and respond with only the final answer: What is 56 plus 10?,Solve the following and respond with only the final answer: What is 56 plus 24?,66
Solve the following and respond with only the final answer: What is 28 plus 76?,Solve the following and respond with only the final answer: What is 28 plus 98?,104
Solve the following and respond with only the final answer: What is 28 plus 45?,Solve the following and respond with only the final answer: What is 28 plus 15?,73
Solve the following and respond with only the final answer: What is 34 plus 55?,Solve the following and respond with only the final answer: What is 34 plus 19?,89
Solve the following and respond with only the final answer: What is 78 plus 91?,Solve the following and respond with only the final answer: What is 78 plus 66?,169
Solve the following and respond with only the final answer: What is 45 plus 11?,Solve the following and respond with only the final answer: What is 45 plus 87?,56
Solve the following and respond with only the final answer: What is 48 plus 31?,Solve the following and respond with only the final answer: What is 48 plus 33?,79
Solve the following and respond with only the final answer: What is 29 plus 18?,Solve the following and respond with only the final answer: What is 29 plus 44?,47
Solve the following and respond with only the final answer: What is 35 plus 50?,Solve the following and respond with only the final answer: What is 35 plus 71?,85
Solve the following and respond with only the final answer: What is 75 plus 78?,Solve the following and respond with only the final answer: What is 75 plus 17?,153
Solve the following and respond with only the final answer: What is 95 plus 51?,Solve the following and respond with only the final answer: What is 95 plus 67?,146
Solve the following and respond with only the final answer: What is 78 plus 95?,Solve the following and respond with only the final answer: What is 78 plus 41?,173
Solve the following and respond with only the final answer: What is 93 plus 69?,Solve the following and respond with only the final answer: What is 93 plus 93?,162
Solve the following and respond with only the final answer: What is 64 plus 92?,Solve the following and respond with only the final answer: What is 64 plus 64?,156
Solve the following and respond with only the final answer: What is 40 plus 23?,Solve the following and respond with only the final answer: What is 40 plus 80?,63
Solve the following and respond with only the final answer: What is 33 plus 14?,Solve the following and respond with only the final answer: What is 33 plus 79?,47
Solve the following and respond with only the final answer: What is 81 plus 39?,Solve the following and respond with only the final answer: What is 81 plus 87?,120
Solve the following and respond with only the final answer: What is 28 plus 22?,Solve the following and respond with only the final answer: What is 28 plus 10?,50
Solve the following and respond with only the final answer: What is 96 plus 66?,Solve the following and respond with only the final answer: What is 96 plus 64?,162
Solve the following and respond with only the final answer: What is 53 plus 69?,Solve the following and respond with only the final answer: What is 53 plus 22?,122
Solve the following and respond with only the final answer: What is 12 plus 99?,Solve the following and respond with only the final answer: What is 12 plus 31?,111
Solve the following and respond with only the final answer: What is 91 plus 70?,Solve the following and respond with only the final answer: What is 91 plus 95?,161
Solve the following and respond with only the final answer: What is 75 plus 34?,Solve the following and respond with only the final answer: What is 75 plus 53?,109
Solve the following and respond with only the final answer: What is 68 plus 13?,Solve the following and respond with only the final answer: What is 68 plus 83?,81
Solve the following and respond with only the final answer: What is 56 plus 58?,Solve the following and respond with only the final answer: What is 56 plus 99?,114
Solve the following and respond with only the final answer: What is 77 plus 42?,Solve the following and respond with only the final answer: What is 77 plus 14?,119
Solve the following and respond with only the final answer: What is 44 plus 25?,Solve the following and respond with only the final answer: What is 44 plus 70?,69
Solve the following and respond with only the final answer: What is 68 plus 78?,Solve the following and respond with only the final answer: What is 68 plus 45?,146
Solve the following and respond with only the final answer: What is 64 plus 92?,Solve the following and respond with only the final answer: What is 64 plus 51?,156
Solve the following and respond with only the final answer: What is 81 plus 83?,Solve the following and respond with only the final answer: What is 81 plus 46?,164
Solve the following and respond with only the final answer: What is 96 plus 49?,Solve the following and respond with only the final answer: What is 96 plus 15?,145
Solve the following and respond with only the final answer: What is 25 plus 60?,Solve the following and respond with only the final answer: What is 25 plus 15?,85
Solve the following and respond with only the final answer: What is 45 plus 59?,Solve the following and respond with only the final answer: What is 45 plus 92?,104
Solve the following and respond with only the final answer: What is 89 plus 20?,Solve the following and respond with only the final answer: What is 89 plus 76?,109
Solve the following and respond with only the final answer: What is 33 plus 17?,Solve the following and respond with only the final answer: What is 33 plus 40?,50
Solve the following and respond with only the final answer: What is 59 plus 78?,Solve the following and respond with only the final answer: What is 59 plus 85?,137
Solve the following and respond with only the final answer: What is 27 plus 80?,Solve the following and respond with only the final answer: What is 27 plus 81?,107
Solve the following and respond with only the final answer: What is 12 plus 48?,Solve the following and respond with only the final answer: What is 12 plus 17?,60
Solve the following and respond with only the final answer: What is 25 plus 44?,Solve the following and respond with only the final answer: What is 25 plus 41?,69
Solve the following and respond with only the final answer: What is 83 plus 54?,Solve the following and respond with only the final answer: What is 83 plus 41?,137
Solve the following and respond with only the final answer: What is 15 plus 16?,Solve the following and respond with only the final answer: What is 15 plus 51?,31
Solve the following and respond with only the final answer: What is 71 plus 65?,Solve the following and respond with only the final answer: What is 71 plus 10?,136
Solve the following and respond with only the final answer: What is 69 plus 90?,Solve the following and respond with only the final answer: What is 69 plus 68?,159
Solve the following and respond with only the final answer: What is 23 plus 22?,Solve the following and respond with only the final answer: What is 23 plus 50?,45
Solve the following and respond with only the final answer: What is 84 plus 83?,Solve the following and respond with only the final answer: What is 84 plus 38?,167
Solve the following and respond with only the final answer: What is 91 plus 13?,Solve the following and respond with only the final answer: What is 91 plus 59?,104
Solve the following and respond with only the final answer: What is 82 plus 86?,Solve the following and respond with only the final answer: What is 82 plus 83?,168
Solve the following and respond with only the final answer: What is 71 plus 32?,Solve the following and respond with only the final answer: What is 71 plus 26?,103
Solve the following and respond with only the final answer: What is 36 plus 28?,Solve the following and respond with only the final answer: What is 36 plus 12?,64
Solve the following and respond with only the final answer: What is 34 plus 99?,Solve the following and respond with only the final answer: What is 34 plus 84?,133
Solve the following and respond with only the final answer: What is 70 plus 96?,Solve the following and respond with only the final answer: What is 70 plus 61?,166
Solve the following and respond with only the final answer: What is 43 plus 14?,Solve the following and respond with only the final answer: What is 43 plus 60?,57
Solve the following and respond with only the final answer: What is 96 plus 44?,Solve the following and respond with only the final answer: What is 96 plus 64?,140
Solve the following and respond with only the final answer: What is 58 plus 51?,Solve the following and respond with only the final answer: What is 58 plus 37?,109
Solve the following and respond with only the final answer: What is 51 plus 77?,Solve the following and respond with only the final answer: What is 51 plus 15?,128
Solve the following and respond with only the final answer: What is 54 plus 22?,Solve the following and respond with only the final answer: What is 54 plus 14?,76
Solve the following and respond with only the final answer: What is 56 plus 47?,Solve the following and respond with only the final answer: What is 56 plus 71?,103
Solve the following and respond with only the final answer: What is 57 plus 69?,Solve the following and respond with only the final answer: What is 57 plus 12?,126
Solve the following and respond with only the final answer: What is 50 plus 67?,Solve the following and respond with only the final answer: What is 50 plus 98?,117
Solve the following and respond with only the final answer: What is 48 plus 62?,Solve the following and respond with only the final answer: What is 48 plus 89?,110
Solve the following and respond with only the final answer: What is 74 plus 42?,Solve the following and respond with only the final answer: What is 74 plus 21?,116
Solve the following and respond with only the final answer: What is 94 plus 35?,Solve the following and respond with only the final answer: What is 94 plus 53?,129
Solve the following and respond with only the final answer: What is 32 plus 82?,Solve the following and respond with only the final answer: What is 32 plus 57?,114
Solve the following and respond with only the final answer: What is 15 plus 24?,Solve the following and respond with only the final answer: What is 15 plus 89?,39
Solve the following and respond with only the final answer: What is 88 plus 90?,Solve the following and respond with only the final answer: What is 88 plus 55?,178
Solve the following and respond with only the final answer: What is 44 plus 48?,Solve the following and respond with only the final answer: What is 44 plus 44?,92
Solve the following and respond with only the final answer: What is 34 plus 70?,Solve the following and respond with only the final answer: What is 34 plus 69?,104
Solve the following and respond with only the final answer: What is 39 plus 82?,Solve the following and respond with only the final answer: What is 39 plus 96?,121
Solve the following and respond with only the final answer: What is 69 plus 39?,Solve the following and respond with only the final answer: What is 69 plus 67?,108
Solve the following and respond with only the final answer: What is 13 plus 95?,Solve the following and respond with only the final answer: What is 13 plus 92?,108
Solve the following and respond with only the final answer: What is 85 plus 10?,Solve the following and respond with only the final answer: What is 85 plus 60?,95
Solve the following and respond with only the final answer: What is 86 plus 57?,Solve the following and respond with only the final answer: What is 86 plus 32?,143
Solve the following and respond with only the final answer: What is 44 plus 61?,Solve the following and respond with only the final answer: What is 44 plus 78?,105
Solve the following and respond with only the final answer: What is 66 plus 48?,Solve the following and respond with only the final answer: What is 66 plus 45?,114
Solve the following and respond with only the final answer: What is 48 plus 59?,Solve the following and respond with only the final answer: What is 48 plus 36?,107
Solve the following and respond with only the final answer: What is 19 plus 11?,Solve the following and respond with only the final answer: What is 19 plus 66?,30
Solve the following and respond with only the final answer: What is 81 plus 38?,Solve the following and respond with only the final answer: What is 81 plus 47?,119
Solve the following and respond with only the final answer: What is 77 plus 65?,Solve the following and respond with only the final answer: What is 77 plus 57?,142
Solve the following and respond with only the final answer: What is 85 plus 92?,Solve the following and respond with only the final answer: What is 85 plus 78?,177
Solve the following and respond with only the final answer: What is 76 plus 63?,Solve the following and respond with only the final answer: What is 76 plus 77?,139
Solve the following and respond with only the final answer: What is 84 plus 68?,Solve the following and respond with only the final answer: What is 84 plus 68?,152
Solve the following and respond with only the final answer: What is 77 plus 42?,Solve the following and respond with only the final answer: What is 77 plus 29?,119
Solve the following and respond with only the final answer: What is 68 plus 14?,Solve the following and respond with only the final answer: What is 68 plus 99?,82
Solve the following and respond with only the final answer: What is 61 plus 69?,Solve the following and respond with only the final answer: What is 61 plus 56?,130
Solve the following and respond with only the final answer: What is 30 plus 63?,Solve the following and respond with only the final answer: What is 30 plus 63?,93
Solve the following and respond with only the final answer: What is 51 plus 70?,Solve the following and respond with only the final answer: What is 51 plus 63?,121
Solve the following and respond with only the final answer: What is 22 plus 61?,Solve the following and respond with only the final answer: What is 22 plus 62?,83
Solve the following and respond with only the final answer: What is 35 plus 97?,Solve the following and respond with only the final answer: What is 35 plus 38?,132
Solve the following and respond with only the final answer: What is 97 plus 59?,Solve the following and respond with only the final answer: What is 97 plus 44?,156
Solve the following and respond with only the final answer: What is 44 plus 14?,Solve the following and respond with only the final answer: What is 44 plus 67?,58
Solve the following and respond with only the final answer: What is 14 plus 73?,Solve the following and respond with only the final answer: What is 14 plus 55?,87
Solve the following and respond with only the final answer: What is 13 plus 88?,Solve the following and respond with only the final answer: What is 13 plus 11?,101
Solve the following and respond with only the final answer: What is 35 plus 24?,Solve the following and respond with only the final answer: What is 35 plus 22?,59
Solve the following and respond with only the final answer: What is 49 plus 17?,Solve the following and respond with only the final answer: What is 49 plus 64?,66
Solve the following and respond with only the final answer: What is 17 plus 95?,Solve the following and respond with only the final answer: What is 17 plus 99?,112
Solve the following and respond with only the final answer: What is 17 plus 81?,Solve the following and respond with only the final answer: What is 17 plus 11?,98
Solve the following and respond with only the final answer: What is 10 plus 91?,Solve the following and respond with only the final answer: What is 10 plus 26?,101
Solve the following and respond with only the final answer: What is 34 plus 68?,Solve the following and respond with only the final answer: What is 34 plus 58?,102
Solve the following and respond with only the final answer: What is 21 plus 52?,Solve the following and respond with only the final answer: What is 21 plus 32?,73
Solve the following and respond with only the final answer: What is 27 plus 56?,Solve the following and respond with only the final answer: What is 27 plus 76?,83
Solve the following and respond with only the final answer: What is 46 plus 85?,Solve the following and respond with only the final answer: What is 46 plus 97?,131
Solve the following and respond with only the final answer: What is 86 plus 52?,Solve the following and respond with only the final answer: What is 86 plus 56?,138
Solve the following and respond with only the final answer: What is 85 plus 35?,Solve the following and respond with only the final answer: What is 85 plus 89?,120
Solve the following and respond with only the final answer: What is 20 plus 79?,Solve the following and respond with only the final answer: What is 20 plus 78?,99
Solve the following and respond with only the final answer: What is 35 plus 27?,Solve the following and respond with only the final answer: What is 35 plus 44?,62
Solve the following and respond with only the final answer: What is 80 plus 50?,Solve the following and respond with only the final answer: What is 80 plus 77?,130
Solve the following and respond with only the final answer: What is 65 plus 45?,Solve the following and respond with only the final answer: What is 65 plus 26?,110
Solve the following and respond with only the final answer: What is 34 plus 43?,Solve the following and respond with only the final answer: What is 34 plus 36?,77
Solve the following and respond with only the final answer: What is 90 plus 50?,Solve the following and respond with only the final answer: What is 90 plus 64?,140
Solve the following and respond with only the final answer: What is 61 plus 28?,Solve the following and respond with only the final answer: What is 61 plus 82?,89
Solve the following and respond with only the final answer: What is 94 plus 11?,Solve the following and respond with only the final answer: What is 94 plus 88?,105
Solve the following and respond with only the final answer: What is 26 plus 28?,Solve the following and respond with only the final answer: What is 26 plus 38?,54
Solve the following and respond with only the final answer: What is 62 plus 82?,Solve the following and respond with only the final answer: What is 62 plus 81?,144
Solve the following and respond with only the final answer: What is 29 plus 18?,Solve the following and respond with only the final answer: What is 29 plus 11?,47
Solve the following and respond with only the final answer: What is 12 plus 44?,Solve the following and respond with only the final answer: What is 12 plus 15?,56
Solve the following and respond with only the final answer: What is 75 plus 36?,Solve the following and respond with only the final answer: What is 75 plus 38?,111
Solve the following and respond with only the final answer: What is 94 plus 41?,Solve the following and respond with only the final answer: What is 94 plus 59?,135
Solve the following and respond with only the final answer: What is 19 plus 64?,Solve the following and respond with only the final answer: What is 19 plus 48?,83
Solve the following and respond with only the final answer: What is 74 plus 29?,Solve the following and respond with only the final answer: What is 74 plus 40?,103
Solve the following and respond with only the final answer: What is 81 plus 43?,Solve the following and respond with only the final answer: What is 81 plus 43?,124
Solve the following and respond with only the final answer: What is 43 plus 56?,Solve the following and respond with only the final answer: What is 43 plus 45?,99
Solve the following and respond with only the final answer: What is 55 plus 13?,Solve the following and respond with only the final answer: What is 55 plus 10?,68
Solve the following and respond with only the final answer: What is 41 plus 83?,Solve the following and respond with only the final answer: What is 41 plus 89?,124
Solve the following and respond with only the final answer: What is 62 plus 86?,Solve the following and respond with only the final answer: What is 62 plus 89?,148
Solve the following and respond with only the final answer: What is 67 plus 16?,Solve the following and respond with only the final answer: What is 67 plus 42?,83
Solve the following and respond with only the final answer: What is 55 plus 52?,Solve the following and respond with only the final answer: What is 55 plus 28?,107
Solve the following and respond with only the final answer: What is 60 plus 92?,Solve the following and respond with only the final answer: What is 60 plus 95?,152
Solve the following and respond with only the final answer: What is 54 plus 77?,Solve the following and respond with only the final answer: What is 54 plus 39?,131
Solve the following and respond with only the final answer: What is 68 plus 73?,Solve the following and respond with only the final answer: What is 68 plus 45?,141
Solve the following and respond with only the final answer: What is 28 plus 82?,Solve the following and respond with only the final answer: What is 28 plus 33?,110
Solve the following and respond with only the final answer: What is 50 plus 24?,Solve the following and respond with only the final answer: What is 50 plus 13?,74
Solve the following and respond with only the final answer: What is 45 plus 89?,Solve the following and respond with only the final answer: What is 45 plus 31?,134
Solve the following and respond with only the final answer: What is 70 plus 50?,Solve the following and respond with only the final answer: What is 70 plus 98?,120
Solve the following and respond with only the final answer: What is 72 plus 91?,Solve the following and respond with only the final answer: What is 72 plus 62?,163
Solve the following and respond with only the final answer: What is 73 plus 24?,Solve the following and respond with only the final answer: What is 73 plus 48?,97
Solve the following and respond with only the final answer: What is 79 plus 41?,Solve the following and respond with only the final answer: What is 79 plus 52?,120
Solve the following and respond with only the final answer: What is 69 plus 89?,Solve the following and respond with only the final answer: What is 69 plus 91?,158
Solve the following and respond with only the final answer: What is 73 plus 22?,Solve the following and respond with only the final answer: What is 73 plus 80?,95
Solve the following and respond with only the final answer: What is 15 plus 39?,Solve the following and respond with only the final answer: What is 15 plus 24?,54
Solve the following and respond with only the final answer: What is 96 plus 75?,Solve the following and respond with only the final answer: What is 96 plus 19?,171
Solve the following and respond with only the final answer: What is 58 plus 75?,Solve the following and respond with only the final answer: What is 58 plus 14?,133
Solve the following and respond with only the final answer: What is 14 plus 18?,Solve the following and respond with only the final answer: What is 14 plus 45?,32
Solve the following and respond with only the final answer: What is 54 plus 54?,Solve the following and respond with only the final answer: What is 54 plus 78?,108
Solve the following and respond with only the final answer: What is 31 plus 21?,Solve the following and respond with only the final answer: What is 31 plus 43?,52
Solve the following and respond with only the final answer: What is 39 plus 54?,Solve the following and respond with only the final answer: What is 39 plus 13?,93
Solve the following and respond with only the final answer: What is 46 plus 51?,Solve the following and respond with only the final answer: What is 46 plus 58?,97
Solve the following and respond with only the final answer: What is 13 plus 95?,Solve the following and respond with only the final answer: What is 13 plus 62?,108
Solve the following and respond with only the final answer: What is 68 plus 94?,Solve the following and respond with only the final answer: What is 68 plus 90?,162
Solve the following and respond with only the final answer: What is 56 plus 72?,Solve the following and respond with only the final answer: What is 56 plus 43?,128
Solve the following and respond with only the final answer: What is 96 plus 31?,Solve the following and respond with only the final answer: What is 96 plus 90?,127
Solve the following and respond with only the final answer: What is 92 plus 23?,Solve the following and respond with only the final answer: What is 92 plus 84?,115
Solve the following and respond with only the final answer: What is 67 plus 83?,Solve the following and respond with only the final answer: What is 67 plus 90?,150
Solve the following and respond with only the final answer: What is 85 plus 38?,Solve the following and respond with only the final answer: What is 85 plus 63?,123
Solve the following and respond with only the final answer: What is 93 plus 59?,Solve the following and respond with only the final answer: What is 93 plus 63?,152
Solve the following and respond with only the final answer: What is 40 plus 37?,Solve the following and respond with only the final answer: What is 40 plus 62?,77
Solve the following and respond with only the final answer: What is 37 plus 68?,Solve the following and respond with only the final answer: What is 37 plus 12?,105
Solve the following and respond with only the final answer: What is 88 plus 16?,Solve the following and respond with only the final answer: What is 88 plus 29?,104
Solve the following and respond with only the final answer: What is 84 plus 30?,Solve the following and respond with only the final answer: What is 84 plus 37?,114
Solve the following and respond with only the final answer: What is 33 plus 66?,Solve the following and respond with only the final answer: What is 33 plus 22?,99
Solve the following and respond with only the final answer: What is 22 plus 51?,Solve the following and respond with only the final answer: What is 22 plus 38?,73
Solve the following and respond with only the final answer: What is 32 plus 50?,Solve the following and respond with only the final answer: What is 32 plus 58?,82
Solve the following and respond with only the final answer: What is 62 plus 13?,Solve the following and respond with only the final answer: What is 62 plus 92?,75
Solve the following and respond with only the final answer: What is 14 plus 67?,Solve the following and respond with only the final answer: What is 14 plus 65?,81
Solve the following and respond with only the final answer: What is 56 plus 93?,Solve the following and respond with only the final answer: What is 56 plus 48?,149
Solve the following and respond with only the final answer: What is 71 plus 59?,Solve the following and respond with only the final answer: What is 71 plus 80?,130
Solve the following and respond with only the final answer: What is 40 plus 96?,Solve the following and respond with only the final answer: What is 40 plus 23?,136
Solve the following and respond with only the final answer: What is 91 plus 88?,Solve the following and respond with only the final answer: What is 91 plus 13?,179
Solve the following and respond with only the final answer: What is 62 plus 11?,Solve the following and respond with only the final answer: What is 62 plus 31?,73
Solve the following and respond with only the final answer: What is 53 plus 13?,Solve the following and respond with only the final answer: What is 53 plus 73?,66
Solve the following and respond with only the final answer: What is 58 plus 15?,Solve the following and respond with only the final answer: What is 58 plus 14?,73
Solve the following and respond with only the final answer: What is 92 plus 29?,Solve the following and respond with only the final answer: What is 92 plus 68?,121
Solve the following and respond with only the final answer: What is 31 plus 13?,Solve the following and respond with only the final answer: What is 31 plus 78?,44
Solve the following and respond with only the final answer: What is 73 plus 98?,Solve the following and respond with only the final answer: What is 73 plus 72?,171
Solve the following and respond with only the final answer: What is 72 plus 63?,Solve the following and respond with only the final answer: What is 72 plus 75?,135
Solve the following and respond with only the final answer: What is 10 plus 72?,Solve the following and respond with only the final answer: What is 10 plus 57?,82
Solve the following and respond with only the final answer: What is 78 plus 10?,Solve the following and respond with only the final answer: What is 78 plus 69?,88
Solve the following and respond with only the final answer: What is 51 plus 71?,Solve the following and respond with only the final answer: What is 51 plus 12?,122
Solve the following and respond with only the final answer: What is 47 plus 79?,Solve the following and respond with only the final answer: What is 47 plus 96?,126
Solve the following and respond with only the final answer: What is 51 plus 81?,Solve the following and respond with only the final answer: What is 51 plus 31?,132
Solve the following and respond with only the final answer: What is 69 plus 67?,Solve the following and respond with only the final answer: What is 69 plus 61?,136
Solve the following and respond with only the final answer: What is 97 plus 65?,Solve the following and respond with only the final answer: What is 97 plus 80?,162
Solve the following and respond with only the final answer: What is 86 plus 87?,Solve the following and respond with only the final answer: What is 86 plus 29?,173
Solve the following and respond with only the final answer: What is 20 plus 64?,Solve the following and respond with only the final answer: What is 20 plus 13?,84
Solve the following and respond with only the final answer: What is 77 plus 80?,Solve the following and respond with only the final answer: What is 77 plus 46?,157
Solve the following and respond with only the final answer: What is 36 plus 48?,Solve the following and respond with only the final answer: What is 36 plus 72?,84
Solve the following and respond with only the final answer: What is 99 plus 62?,Solve the following and respond with only the final answer: What is 99 plus 55?,161
Solve the following and respond with only the final answer: What is 80 plus 75?,Solve the following and respond with only the final answer: What is 80 plus 38?,155
Solve the following and respond with only the final answer: What is 86 plus 38?,Solve the following and respond with only the final answer: What is 86 plus 60?,124
Solve the following and respond with only the final answer: What is 97 plus 27?,Solve the following and respond with only the final answer: What is 97 plus 19?,124
Solve the following and respond with only the final answer: What is 79 plus 10?,Solve the following and respond with only the final answer: What is 79 plus 98?,89
Solve the following and respond with only the final answer: What is 86 plus 94?,Solve the following and respond with only the final answer: What is 86 plus 21?,180
Solve the following and respond with only the final answer: What is 43 plus 58?,Solve the following and respond with only the final answer: What is 43 plus 78?,101
Solve the following and respond with only the final answer: What is 96 plus 68?,Solve the following and respond with only the final answer: What is 96 plus 58?,164
Solve the following and respond with only the final answer: What is 32 plus 12?,Solve the following and respond with only the final answer: What is 32 plus 14?,44
Solve the following and respond with only the final answer: What is 79 plus 12?,Solve the following and respond with only the final answer: What is 79 plus 40?,91
Solve the following and respond with only the final answer: What is 40 plus 27?,Solve the following and respond with only the final answer: What is 40 plus 93?,67
Solve the following and respond with only the final answer: What is 42 plus 56?,Solve the following and respond with only the final answer: What is 42 plus 69?,98
Solve the following and respond with only the final answer: What is 29 plus 84?,Solve the following and respond with only the final answer: What is 29 plus 45?,113
Solve the following and respond with only the final answer: What is 33 plus 48?,Solve the following and respond with only the final answer: What is 33 plus 39?,81
Solve the following and respond with only the final answer: What is 94 plus 24?,Solve the following and respond with only the final answer: What is 94 plus 56?,118
Solve the following and respond with only the final answer: What is 48 plus 21?,Solve the following and respond with only the final answer: What is 48 plus 84?,69
Solve the following and respond with only the final answer: What is 80 plus 26?,Solve the following and respond with only the final answer: What is 80 plus 45?,106
Solve the following and respond with only the final answer: What is 16 plus 69?,Solve the following and respond with only the final answer: What is 16 plus 34?,85
Solve the following and respond with only the final answer: What is 85 plus 77?,Solve the following and respond with only the final answer: What is 85 plus 81?,162
Solve the following and respond with only the final answer: What is 30 plus 53?,Solve the following and respond with only the final answer: What is 30 plus 58?,83
Solve the following and respond with only the final answer: What is 37 plus 45?,Solve the following and respond with only the final answer: What is 37 plus 63?,82
Solve the following and respond with only the final answer: What is 35 plus 46?,Solve the following and respond with only the final answer: What is 35 plus 76?,81
Solve the following and respond with only the final answer: What is 60 plus 79?,Solve the following and respond with only the final answer: What is 60 plus 52?,139
Solve the following and respond with only the final answer: What is 66 plus 73?,Solve the following and respond with only the final answer: What is 66 plus 22?,139
Solve the following and respond with only the final answer: What is 60 plus 33?,Solve the following and respond with only the final answer: What is 60 plus 84?,93
Solve the following and respond with only the final answer: What is 91 plus 39?,Solve the following and respond with only the final answer: What is 91 plus 85?,130
Solve the following and respond with only the final answer: What is 82 plus 70?,Solve the following and respond with only the final answer: What is 82 plus 79?,152
Solve the following and respond with only the final answer: What is 48 plus 75?,Solve the following and respond with only the final answer: What is 48 plus 83?,123
Solve the following and respond with only the final answer: What is 15 plus 85?,Solve the following and respond with only the final answer: What is 15 plus 26?,100
Solve the following and respond with only the final answer: What is 56 plus 79?,Solve the following and respond with only the final answer: What is 56 plus 95?,135
Solve the following and respond with only the final answer: What is 65 plus 35?,Solve the following and respond with only the final answer: What is 65 plus 42?,100
Solve the following and respond with only the final answer: What is 32 plus 79?,Solve the following and respond with only the final answer: What is 32 plus 10?,111
Solve the following and respond with only the final answer: What is 37 plus 66?,Solve the following and respond with only the final answer: What is 37 plus 52?,103
Solve the following and respond with only the final answer: What is 71 plus 10?,Solve the following and respond with only the final answer: What is 71 plus 65?,81
Solve the following and respond with only the final answer: What is 87 plus 67?,Solve the following and respond with only the final answer: What is 87 plus 99?,154
Solve the following and respond with only the final answer: What is 17 plus 48?,Solve the following and respond with only the final answer: What is 17 plus 89?,65
Solve the following and respond with only the final answer: What is 21 plus 47?,Solve the following and respond with only the final answer: What is 21 plus 37?,68
Solve the following and respond with only the final answer: What is 82 plus 85?,Solve the following and respond with only the final answer: What is 82 plus 13?,167
Solve the following and respond with only the final answer: What is 30 plus 79?,Solve the following and respond with only the final answer: What is 30 plus 28?,109
Solve the following and respond with only the final answer: What is 40 plus 80?,Solve the following and respond with only the final answer: What is 40 plus 33?,120
Solve the following and respond with only the final answer: What is 27 plus 48?,Solve the following and respond with only the final answer: What is 27 plus 82?,75
Solve the following and respond with only the final answer: What is 30 plus 90?,Solve the following and respond with only the final answer: What is 30 plus 41?,120
Solve the following and respond with only the final answer: What is 25 plus 73?,Solve the following and respond with only the final answer: What is 25 plus 13?,98
Solve the following and respond with only the final answer: What is 34 plus 32?,Solve the following and respond with only the final answer: What is 34 plus 35?,66
Solve the following and respond with only the final answer: What is 32 plus 99?,Solve the following and respond with only the final answer: What is 32 plus 92?,131
Solve the following and respond with only the final answer: What is 84 plus 33?,Solve the following and respond with only the final answer: What is 84 plus 27?,117
Solve the following and respond with only the final answer: What is 75 plus 60?,Solve the following and respond with only the final answer: What is 75 plus 41?,135
Solve the following and respond with only the final answer: What is 40 plus 78?,Solve the following and respond with only the final answer: What is 40 plus 86?,118
Solve the following and respond with only the final answer: What is 57 plus 86?,Solve the following and respond with only the final answer: What is 57 plus 50?,143
Solve the following and respond with only the final answer: What is 13 plus 13?,Solve the following and respond with only the final answer: What is 13 plus 38?,26
Solve the following and respond with only the final answer: What is 14 plus 47?,Solve the following and respond with only the final answer: What is 14 plus 40?,61
Solve the following and respond with only the final answer: What is 98 plus 43?,Solve the following and respond with only the final answer: What is 98 plus 81?,141
Solve the following and respond with only the final answer: What is 59 plus 64?,Solve the following and respond with only the final answer: What is 59 plus 83?,123
Solve the following and respond with only the final answer: What is 21 plus 90?,Solve the following and respond with only the final answer: What is 21 plus 94?,111
Solve the following and respond with only the final answer: What is 28 plus 75?,Solve the following and respond with only the final answer: What is 28 plus 94?,103
Solve the following and respond with only the final answer: What is 53 plus 71?,Solve the following and respond with only the final answer: What is 53 plus 56?,124
Solve the following and respond with only the final answer: What is 78 plus 72?,Solve the following and respond with only the final answer: What is 78 plus 90?,150
Solve the following and respond with only the final answer: What is 77 plus 67?,Solve the following and respond with only the final answer: What is 77 plus 82?,144
Solve the following and respond with only the final answer: What is 38 plus 49?,Solve the following and respond with only the final answer: What is 38 plus 93?,87
Solve the following and respond with only the final answer: What is 75 plus 68?,Solve the following and respond with only the final answer: What is 75 plus 86?,143
Solve the following and respond with only the final answer: What is 39 plus 95?,Solve the following and respond with only the final answer: What is 39 plus 80?,134
Solve the following and respond with only the final answer: What is 42 plus 56?,Solve the following and respond with only the final answer: What is 42 plus 89?,98
Solve the following and respond with only the final answer: What is 56 plus 65?,Solve the following and respond with only the final answer: What is 56 plus 11?,121
Solve the following and respond with only the final answer: What is 60 plus 85?,Solve the following and respond with only the final answer: What is 60 plus 53?,145
Solve the following and respond with only the final answer: What is 13 plus 39?,Solve the following and respond with only the final answer: What is 13 plus 57?,52
Solve the following and respond with only the final answer: What is 50 plus 50?,Solve the following and respond with only the final answer: What is 50 plus 73?,100
Solve the following and respond with only the final answer: What is 74 plus 15?,Solve the following and respond with only the final answer: What is 74 plus 63?,89
Solve the following and respond with only the final answer: What is 57 plus 51?,Solve the following and respond with only the final answer: What is 57 plus 85?,108
Solve the following and respond with only the final answer: What is 18 plus 20?,Solve the following and respond with only the final answer: What is 18 plus 28?,38
Solve the following and respond with only the final answer: What is 13 plus 78?,Solve the following and respond with only the final answer: What is 13 plus 49?,91
Solve the following and respond with only the final answer: What is 56 plus 73?,Solve the following and respond with only the final answer: What is 56 plus 49?,129
Solve the following and respond with only the final answer: What is 82 plus 34?,Solve the following and respond with only the final answer: What is 82 plus 69?,116
Solve the following and respond with only the final answer: What is 11 plus 73?,Solve the following and respond with only the final answer: What is 11 plus 39?,84
Solve the following and respond with only the final answer: What is 50 plus 55?,Solve the following and respond with only the final answer: What is 50 plus 23?,105
Solve the following and respond with only the final answer: What is 97 plus 51?,Solve the following and respond with only the final answer: What is 97 plus 29?,148
Solve the following and respond with only the final answer: What is 50 plus 44?,Solve the following and respond with only the final answer: What is 50 plus 97?,94
Solve the following and respond with only the final answer: What is 70 plus 45?,Solve the following and respond with only the final answer: What is 70 plus 33?,115
Solve the following and respond with only the final answer: What is 34 plus 21?,Solve the following and respond with only the final answer: What is 34 plus 61?,55
Solve the following and respond with only the final answer: What is 20 plus 73?,Solve the following and respond with only the final answer: What is 20 plus 80?,93
Solve the following and respond with only the final answer: What is 56 plus 20?,Solve the following and respond with only the final answer: What is 56 plus 86?,76
Solve the following and respond with only the final answer: What is 16 plus 18?,Solve the following and respond with only the final answer: What is 16 plus 55?,34
Solve the following and respond with only the final answer: What is 48 plus 63?,Solve the following and respond with only the final answer: What is 48 plus 76?,111
Solve the following and respond with only the final answer: What is 95 plus 86?,Solve the following and respond with only the final answer: What is 95 plus 29?,181
Solve the following and respond with only the final answer: What is 37 plus 20?,Solve the following and respond with only the final answer: What is 37 plus 81?,57
Solve the following and respond with only the final answer: What is 86 plus 13?,Solve the following and respond with only the final answer: What is 86 plus 79?,99
Solve the following and respond with only the final answer: What is 98 plus 81?,Solve the following and respond with only the final answer: What is 98 plus 15?,179
Solve the following and respond with only the final answer: What is 78 plus 60?,Solve the following and respond with only the final answer: What is 78 plus 96?,138
Solve the following and respond with only the final answer: What is 78 plus 72?,Solve the following and respond with only the final answer: What is 78 plus 23?,150
Solve the following and respond with only the final answer: What is 34 plus 78?,Solve the following and respond with only the final answer: What is 34 plus 90?,112
Solve the following and respond with only the final answer: What is 88 plus 30?,Solve the following and respond with only the final answer: What is 88 plus 57?,118
Solve the following and respond with only the final answer: What is 69 plus 52?,Solve the following and respond with only the final answer: What is 69 plus 71?,121
Solve the following and respond with only the final answer: What is 21 plus 50?,Solve the following and respond with only the final answer: What is 21 plus 52?,71
Solve the following and respond with only the final answer: What is 86 plus 45?,Solve the following and respond with only the final answer: What is 86 plus 66?,131
Solve the following and respond with only the final answer: What is 76 plus 37?,Solve the following and respond with only the final answer: What is 76 plus 87?,113
Solve the following and respond with only the final answer: What is 15 plus 95?,Solve the following and respond with only the final answer: What is 15 plus 79?,110
Solve the following and respond with only the final answer: What is 71 plus 70?,Solve the following and respond with only the final answer: What is 71 plus 12?,141
Solve the following and respond with only the final answer: What is 84 plus 76?,Solve the following and respond with only the final answer: What is 84 plus 65?,160
Solve the following and respond with only the final answer: What is 68 plus 72?,Solve the following and respond with only the final answer: What is 68 plus 44?,140
Solve the following and respond with only the final answer: What is 52 plus 56?,Solve the following and respond with only the final answer: What is 52 plus 36?,108
Solve the following and respond with only the final answer: What is 28 plus 66?,Solve the following and respond with only the final answer: What is 28 plus 30?,94
Solve the following and respond with only the final answer: What is 14 plus 95?,Solve the following and respond with only the final answer: What is 14 plus 85?,109
Solve the following and respond with only the final answer: What is 57 plus 29?,Solve the following and respond with only the final answer: What is 57 plus 54?,86
Solve the following and respond with only the final answer: What is 70 plus 25?,Solve the following and respond with only the final answer: What is 70 plus 54?,95
Solve the following and respond with only the final answer: What is 43 plus 91?,Solve the following and respond with only the final answer: What is 43 plus 16?,134
Solve the following and respond with only the final answer: What is 82 plus 65?,Solve the following and respond with only the final answer: What is 82 plus 54?,147
Solve the following and respond with only the final answer: What is 36 plus 79?,Solve the following and respond with only the final answer: What is 36 plus 74?,115
Solve the following and respond with only the final answer: What is 72 plus 45?,Solve the following and respond with only the final answer: What is 72 plus 25?,117
Solve the following and respond with only the final answer: What is 60 plus 17?,Solve the following and respond with only the final answer: What is 60 plus 25?,77
Solve the following and respond with only the final answer: What is 81 plus 43?,Solve the following and respond with only the final answer: What is 81 plus 85?,124
Solve the following and respond with only the final answer: What is 16 plus 29?,Solve the following and respond with only the final answer: What is 16 plus 14?,45
Solve the following and respond with only the final answer: What is 37 plus 23?,Solve the following and respond with only the final answer: What is 37 plus 46?,60
Solve the following and respond with only the final answer: What is 71 plus 57?,Solve the following and respond with only the final answer: What is 71 plus 81?,128
Solve the following and respond with only the final answer: What is 42 plus 13?,Solve the following and respond with only the final answer: What is 42 plus 42?,55
Solve the following and respond with only the final answer: What is 35 plus 86?,Solve the following and respond with only the final answer: What is 35 plus 96?,121
Solve the following and respond with only the final answer: What is 52 plus 67?,Solve the following and respond with only the final answer: What is 52 plus 80?,119
Solve the following and respond with only the final answer: What is 27 plus 52?,Solve the following and respond with only the final answer: What is 27 plus 46?,79
Solve the following and respond with only the final answer: What is 81 plus 17?,Solve the following and respond with only the final answer: What is 81 plus 71?,98
Solve the following and respond with only the final answer: What is 91 plus 29?,Solve the following and respond with only the final answer: What is 91 plus 91?,120
Solve the following and respond with only the final answer: What is 63 plus 95?,Solve the following and respond with only the final answer: What is 63 plus 17?,158
Solve the following and respond with only the final answer: What is 55 plus 47?,Solve the following and respond with only the final answer: What is 55 plus 17?,102
Solve the following and respond with only the final answer: What is 83 plus 29?,Solve the following and respond with only the final answer: What is 83 plus 18?,112
Solve the following and respond with only the final answer: What is 58 plus 25?,Solve the following and respond with only the final answer: What is 58 plus 13?,83
Solve the following and respond with only the final answer: What is 98 plus 54?,Solve the following and respond with only the final answer: What is 98 plus 42?,152
Solve the following and respond with only the final answer: What is 77 plus 56?,Solve the following and respond with only the final answer: What is 77 plus 73?,133
Solve the following and respond with only the final answer: What is 16 plus 15?,Solve the following and respond with only the final answer: What is 16 plus 16?,31
Solve the following and respond with only the final answer: What is 66 plus 16?,Solve the following and respond with only the final answer: What is 66 plus 53?,82
Solve the following and respond with only the final answer: What is 30 plus 11?,Solve the following and respond with only the final answer: What is 30 plus 72?,41
Solve the following and respond with only the final answer: What is 80 plus 44?,Solve the following and respond with only the final answer: What is 80 plus 65?,124
Solve the following and respond with only the final answer: What is 53 plus 31?,Solve the following and respond with only the final answer: What is 53 plus 44?,84
Solve the following and respond with only the final answer: What is 25 plus 72?,Solve the following and respond with only the final answer: What is 25 plus 98?,97
Solve the following and respond with only the final answer: What is 36 plus 91?,Solve the following and respond with only the final answer: What is 36 plus 88?,127
Solve the following and respond with only the final answer: What is 29 plus 44?,Solve the following and respond with only the final answer: What is 29 plus 69?,73
Solve the following and respond with only the final answer: What is 21 plus 25?,Solve the following and respond with only the final answer: What is 21 plus 29?,46
Solve the following and respond with only the final answer: What is 68 plus 39?,Solve the following and respond with only the final answer: What is 68 plus 63?,107
Solve the following and respond with only the final answer: What is 52 plus 69?,Solve the following and respond with only the final answer: What is 52 plus 90?,121
Solve the following and respond with only the final answer: What is 45 plus 88?,Solve the following and respond with only the final answer: What is 45 plus 83?,133
Solve the following and respond with only the final answer: What is 39 plus 86?,Solve the following and respond with only the final answer: What is 39 plus 29?,125
Solve the following and respond with only the final answer: What is 48 plus 62?,Solve the following and respond with only the final answer: What is 48 plus 60?,110
Solve the following and respond with only the final answer: What is 53 plus 86?,Solve the following and respond with only the final answer: What is 53 plus 21?,139
Solve the following and respond with only the final answer: What is 18 plus 76?,Solve the following and respond with only the final answer: What is 18 plus 56?,94
Solve the following and respond with only the final answer: What is 51 plus 21?,Solve the following and respond with only the final answer: What is 51 plus 43?,72
Solve the following and respond with only the final answer: What is 40 plus 25?,Solve the following and respond with only the final answer: What is 40 plus 69?,65
Solve the following and respond with only the final answer: What is 45 plus 20?,Solve the following and respond with only the final answer: What is 45 plus 93?,65
Solve the following and respond with only the final answer: What is 18 plus 84?,Solve the following and respond with only the final answer: What is 18 plus 80?,102
Solve the following and respond with only the final answer: What is 26 plus 23?,Solve the following and respond with only the final answer: What is 26 plus 56?,49
Solve the following and respond with only the final answer: What is 40 plus 38?,Solve the following and respond with only the final answer: What is 40 plus 66?,78
Solve the following and respond with only the final answer: What is 46 plus 20?,Solve the following and respond with only the final answer: What is 46 plus 54?,66
Solve the following and respond with only the final answer: What is 83 plus 72?,Solve the following and respond with only the final answer: What is 83 plus 48?,155
Solve the following and respond with only the final answer: What is 37 plus 96?,Solve the following and respond with only the final answer: What is 37 plus 53?,133
Solve the following and respond with only the final answer: What is 11 plus 68?,Solve the following and respond with only the final answer: What is 11 plus 51?,79
Solve the following and respond with only the final answer: What is 59 plus 91?,Solve the following and respond with only the final answer: What is 59 plus 96?,150
Solve the following and respond with only the final answer: What is 42 plus 80?,Solve the following and respond with only the final answer: What is 42 plus 47?,122
Solve the following and respond with only the final answer: What is 17 plus 15?,Solve the following and respond with only the final answer: What is 17 plus 17?,32
Solve the following and respond with only the final answer: What is 48 plus 50?,Solve the following and respond with only the final answer: What is 48 plus 94?,98
Solve the following and respond with only the final answer: What is 33 plus 27?,Solve the following and respond with only the final answer: What is 33 plus 35?,60
Solve the following and respond with only the final answer: What is 73 plus 18?,Solve the following and respond with only the final answer: What is 73 plus 30?,91
Solve the following and respond with only the final answer: What is 12 plus 52?,Solve the following and respond with only the final answer: What is 12 plus 75?,64
Solve the following and respond with only the final answer: What is 49 plus 44?,Solve the following and respond with only the final answer: What is 49 plus 61?,93
Solve the following and respond with only the final answer: What is 53 plus 23?,Solve the following and respond with only the final answer: What is 53 plus 89?,76
Solve the following and respond with only the final answer: What is 95 plus 58?,Solve the following and respond with only the final answer: What is 95 plus 97?,153
Solve the following and respond with only the final answer: What is 10 plus 82?,Solve the following and respond with only the final answer: What is 10 plus 77?,92
Solve the following and respond with only the final answer: What is 13 plus 52?,Solve the following and respond with only the final answer: What is 13 plus 92?,65
Solve the following and respond with only the final answer: What is 77 plus 97?,Solve the following and respond with only the final answer: What is 77 plus 15?,174
Solve the following and respond with only the final answer: What is 88 plus 66?,Solve the following and respond with only the final answer: What is 88 plus 54?,154
Solve the following and respond with only the final answer: What is 92 plus 65?,Solve the following and respond with only the final answer: What is 92 plus 11?,157
Solve the following and respond with only the final answer: What is 38 plus 65?,Solve the following and respond with only the final answer: What is 38 plus 23?,103
Solve the following and respond with only the final answer: What is 80 plus 18?,Solve the following and respond with only the final answer: What is 80 plus 72?,98
Solve the following and respond with only the final answer: What is 44 plus 55?,Solve the following and respond with only the final answer: What is 44 plus 87?,99
Solve the following and respond with only the final answer: What is 43 plus 41?,Solve the following and respond with only the final answer: What is 43 plus 13?,84
Solve the following and respond with only the final answer: What is 92 plus 39?,Solve the following and respond with only the final answer: What is 92 plus 61?,131
Solve the following and respond with only the final answer: What is 95 plus 74?,Solve the following and respond with only the final answer: What is 95 plus 67?,169
Solve the following and respond with only the final answer: What is 93 plus 90?,Solve the following and respond with only the final answer: What is 93 plus 89?,183
Solve the following and respond with only the final answer: What is 69 plus 21?,Solve the following and respond with only the final answer: What is 69 plus 82?,90
Solve the following and respond with only the final answer: What is 41 plus 90?,Solve the following and respond with only the final answer: What is 41 plus 12?,131
Solve the following and respond with only the final answer: What is 30 plus 79?,Solve the following and respond with only the final answer: What is 30 plus 25?,109
Solve the following and respond with only the final answer: What is 59 plus 67?,Solve the following and respond with only the final answer: What is 59 plus 66?,126
Solve the following and respond with only the final answer: What is 13 plus 97?,Solve the following and respond with only the final answer: What is 13 plus 61?,110
Solve the following and respond with only the final answer: What is 39 plus 32?,Solve the following and respond with only the final answer: What is 39 plus 67?,71
Solve the following and respond with only the final answer: What is 11 plus 53?,Solve the following and respond with only the final answer: What is 11 plus 67?,64
Solve the following and respond with only the final answer: What is 99 plus 75?,Solve the following and respond with only the final answer: What is 99 plus 29?,174
Solve the following and respond with only the final answer: What is 29 plus 40?,Solve the following and respond with only the final answer: What is 29 plus 47?,69
Solve the following and respond with only the final answer: What is 97 plus 54?,Solve the following and respond with only the final answer: What is 97 plus 35?,151
Solve the following and respond with only the final answer: What is 13 plus 58?,Solve the following and respond with only the final answer: What is 13 plus 17?,71
Solve the following and respond with only the final answer: What is 32 plus 39?,Solve the following and respond with only the final answer: What is 32 plus 27?,71
Solve the following and respond with only the final answer: What is 98 plus 58?,Solve the following and respond with only the final answer: What is 98 plus 55?,156
Solve the following and respond with only the final answer: What is 49 plus 99?,Solve the following and respond with only the final answer: What is 49 plus 66?,148
Solve the following and respond with only the final answer: What is 90 plus 33?,Solve the following and respond with only the final answer: What is 90 plus 79?,123
Solve the following and respond with only the final answer: What is 76 plus 62?,Solve the following and respond with only the final answer: What is 76 plus 50?,138
Solve the following and respond with only the final answer: What is 31 plus 55?,Solve the following and respond with only the final answer: What is 31 plus 96?,86
Solve the following and respond with only the final answer: What is 42 plus 82?,Solve the following and respond with only the final answer: What is 42 plus 85?,124
Solve the following and respond with only the final answer: What is 76 plus 81?,Solve the following and respond with only the final answer: What is 76 plus 49?,157
Solve the following and respond with only the final answer: What is 90 plus 41?,Solve the following and respond with only the final answer: What is 90 plus 34?,131
Solve the following and respond with only the final answer: What is 37 plus 17?,Solve the following and respond with only the final answer: What is 37 plus 39?,54
Solve the following and respond with only the final answer: What is 97 plus 95?,Solve the following and respond with only the final answer: What is 97 plus 94?,192
Solve the following and respond with only the final answer: What is 81 plus 67?,Solve the following and respond with only the final answer: What is 81 plus 28?,148
Solve the following and respond with only the final answer: What is 43 plus 96?,Solve the following and respond with only the final answer: What is 43 plus 37?,139
Solve the following and respond with only the final answer: What is 47 plus 27?,Solve the following and respond with only the final answer: What is 47 plus 87?,74
Solve the following and respond with only the final answer: What is 17 plus 41?,Solve the following and respond with only the final answer: What is 17 plus 79?,58
Solve the following and respond with only the final answer: What is 17 plus 15?,Solve the following and respond with only the final answer: What is 17 plus 53?,32
Solve the following and respond with only the final answer: What is 80 plus 55?,Solve the following and respond with only the final answer: What is 80 plus 23?,135
Solve the following and respond with only the final answer: What is 75 plus 21?,Solve the following and respond with only the final answer: What is 75 plus 61?,96
Solve the following and respond with only the final answer: What is 28 plus 32?,Solve the following and respond with only the final answer: What is 28 plus 78?,60
Solve the following and respond with only the final answer: What is 37 plus 94?,Solve the following and respond with only the final answer: What is 37 plus 17?,131
Solve the following and respond with only the final answer: What is 79 plus 99?,Solve the following and respond with only the final answer: What is 79 plus 12?,178
Solve the following and respond with only the final answer: What is 10 plus 62?,Solve the following and respond with only the final answer: What is 10 plus 81?,72
Solve the following and respond with only the final answer: What is 27 plus 34?,Solve the following and respond with only the final answer: What is 27 plus 54?,61
Solve the following and respond with only the final answer: What is 29 plus 11?,Solve the following and respond with only the final answer: What is 29 plus 89?,40
Solve the following and respond with only the final answer: What is 80 plus 36?,Solve the following and respond with only the final answer: What is 80 plus 54?,116
Solve the following and respond with only the final answer: What is 47 plus 63?,Solve the following and respond with only the final answer: What is 47 plus 40?,110
Solve the following and respond with only the final answer: What is 33 plus 14?,Solve the following and respond with only the final answer: What is 33 plus 22?,47
Solve the following and respond with only the final answer: What is 18 plus 18?,Solve the following and respond with only the final answer: What is 18 plus 78?,36
Solve the following and respond with only the final answer: What is 41 plus 31?,Solve the following and respond with only the final answer: What is 41 plus 68?,72
Solve the following and respond with only the final answer: What is 43 plus 63?,Solve the following and respond with only the final answer: What is 43 plus 91?,106
Solve the following and respond with only the final answer: What is 86 plus 86?,Solve the following and respond with only the final answer: What is 86 plus 71?,172
Solve the following and respond with only the final answer: What is 79 plus 25?,Solve the following and respond with only the final answer: What is 79 plus 49?,104
Solve the following and respond with only the final answer: What is 77 plus 74?,Solve the following and respond with only the final answer: What is 77 plus 20?,151
Solve the following and respond with only the final answer: What is 90 plus 55?,Solve the following and respond with only the final answer: What is 90 plus 12?,145
Solve the following and respond with only the final answer: What is 84 plus 24?,Solve the following and respond with only the final answer: What is 84 plus 74?,108
Solve the following and respond with only the final answer: What is 98 plus 80?,Solve the following and respond with only the final answer: What is 98 plus 75?,178
Solve the following and respond with only the final answer: What is 23 plus 52?,Solve the following and respond with only the final answer: What is 23 plus 95?,75
Solve the following and respond with only the final answer: What is 51 plus 72?,Solve the following and respond with only the final answer: What is 51 plus 82?,123
Solve the following and respond with only the final answer: What is 14 plus 23?,Solve the following and respond with only the final answer: What is 14 plus 19?,37
Solve the following and respond with only the final answer: What is 97 plus 57?,Solve the following and respond with only the final answer: What is 97 plus 61?,154
Solve the following and respond with only the final answer: What is 82 plus 85?,Solve the following and respond with only the final answer: What is 82 plus 47?,167
Solve the following and respond with only the final answer: What is 86 plus 47?,Solve the following and respond with only the final answer: What is 86 plus 13?,133
Solve the following and respond with only the final answer: What is 77 plus 15?,Solve the following and respond with only the final answer: What is 77 plus 59?,92
Solve the following and respond with only the final answer: What is 24 plus 42?,Solve the following and respond with only the final answer: What is 24 plus 16?,66
Solve the following and respond with only the final answer: What is 39 plus 14?,Solve the following and respond with only the final answer: What is 39 plus 34?,53
Solve the following and respond with only the final answer: What is 18 plus 18?,Solve the following and respond with only the final answer: What is 18 plus 86?,36
Solve the following and respond with only the final answer: What is 24 plus 24?,Solve the following and respond with only the final answer: What is 24 plus 11?,48
Solve the following and respond with only the final answer: What is 82 plus 12?,Solve the following and respond with only the final answer: What is 82 plus 38?,94
Solve the following and respond with only the final answer: What is 92 plus 38?,Solve the following and respond with only the final answer: What is 92 plus 79?,130
Solve the following and respond with only the final answer: What is 29 plus 32?,Solve the following and respond with only the final answer: What is 29 plus 55?,61
Solve the following and respond with only the final answer: What is 91 plus 87?,Solve the following and respond with only the final answer: What is 91 plus 21?,178
Solve the following and respond with only the final answer: What is 72 plus 25?,Solve the following and respond with only the final answer: What is 72 plus 29?,97
Solve the following and respond with only the final answer: What is 94 plus 99?,Solve the following and respond with only the final answer: What is 94 plus 48?,193
Solve the following and respond with only the final answer: What is 43 plus 93?,Solve the following and respond with only the final answer: What is 43 plus 45?,136
Solve the following and respond with only the final answer: What is 18 plus 36?,Solve the following and respond with only the final answer: What is 18 plus 27?,54
Solve the following and respond with only the final answer: What is 65 plus 56?,Solve the following and respond with only the final answer: What is 65 plus 24?,121
Solve the following and respond with only the final answer: What is 14 plus 98?,Solve the following and respond with only the final answer: What is 14 plus 81?,112
Solve the following and respond with only the final answer: What is 63 plus 16?,Solve the following and respond with only the final answer: What is 63 plus 58?,79
Solve the following and respond with only the final answer: What is 62 plus 96?,Solve the following and respond with only the final answer: What is 62 plus 56?,158
Solve the following and respond with only the final answer: What is 87 plus 13?,Solve the following and respond with only the final answer: What is 87 plus 83?,100
Solve the following and respond with only the final answer: What is 23 plus 26?,Solve the following and respond with only the final answer: What is 23 plus 81?,49
Solve the following and respond with only the final answer: What is 59 plus 51?,Solve the following and respond with only the final answer: What is 59 plus 59?,110
Solve the following and respond with only the final answer: What is 44 plus 41?,Solve the following and respond with only the final answer: What is 44 plus 49?,85
Solve the following and respond with only the final answer: What is 58 plus 28?,Solve the following and respond with only the final answer: What is 58 plus 99?,86
Solve the following and respond with only the final answer: What is 58 plus 51?,Solve the following and respond with only the final answer: What is 58 plus 12?,109
Solve the following and respond with only the final answer: What is 29 plus 74?,Solve the following and respond with only the final answer: What is 29 plus 29?,103
Solve the following and respond with only the final answer: What is 81 plus 69?,Solve the following and respond with only the final answer: What is 81 plus 61?,150
Solve the following and respond with only the final answer: What is 18 plus 24?,Solve the following and respond with only the final answer: What is 18 plus 74?,42
Solve the following and respond with only the final answer: What is 13 plus 74?,Solve the following and respond with only the final answer: What is 13 plus 52?,87
Solve the following and respond with only the final answer: What is 97 plus 41?,Solve the following and respond with only the final answer: What is 97 plus 23?,138
Solve the following and respond with only the final answer: What is 12 plus 16?,Solve the following and respond with only the final answer: What is 12 plus 13?,28
Solve the following and respond with only the final answer: What is 61 plus 75?,Solve the following and respond with only the final answer: What is 61 plus 70?,136
Solve the following and respond with only the final answer: What is 13 plus 24?,Solve the following and respond with only the final answer: What is 13 plus 85?,37
Solve the following and respond with only the final answer: What is 93 plus 66?,Solve the following and respond with only the final answer: What is 93 plus 40?,159
Solve the following and respond with only the final answer: What is 56 plus 53?,Solve the following and respond with only the final answer: What is 56 plus 85?,109
Solve the following and respond with only the final answer: What is 63 plus 67?,Solve the following and respond with only the final answer: What is 63 plus 15?,130
Solve the following and respond with only the final answer: What is 61 plus 53?,Solve the following and respond with only the final answer: What is 61 plus 53?,114
Solve the following and respond with only the final answer: What is 32 plus 83?,Solve the following and respond with only the final answer: What is 32 plus 34?,115
Solve the following and respond with only the final answer: What is 74 plus 44?,Solve the following and respond with only the final answer: What is 74 plus 18?,118
Solve the following and respond with only the final answer: What is 19 plus 84?,Solve the following and respond with only the final answer: What is 19 plus 38?,103
Solve the following and respond with only the final answer: What is 57 plus 27?,Solve the following and respond with only the final answer: What is 57 plus 15?,84
Solve the following and respond with only the final answer: What is 31 plus 52?,Solve the following and respond with only the final answer: What is 31 plus 76?,83
Solve the following and respond with only the final answer: What is 68 plus 74?,Solve the following and respond with only the final answer: What is 68 plus 84?,142
Solve the following and respond with only the final answer: What is 10 plus 71?,Solve the following and respond with only the final answer: What is 10 plus 28?,81
Solve the following and respond with only the final answer: What is 95 plus 10?,Solve the following and respond with only the final answer: What is 95 plus 31?,105
Solve the following and respond with only the final answer: What is 24 plus 76?,Solve the following and respond with only the final answer: What is 24 plus 48?,100
Solve the following and respond with only the final answer: What is 71 plus 69?,Solve the following and respond with only the final answer: What is 71 plus 48?,140
Solve the following and respond with only the final answer: What is 23 plus 75?,Solve the following and respond with only the final answer: What is 23 plus 35?,98
Solve the following and respond with only the final answer: What is 41 plus 35?,Solve the following and respond with only the final answer: What is 41 plus 17?,76
Solve the following and respond with only the final answer: What is 70 plus 63?,Solve the following and respond with only the final answer: What is 70 plus 16?,133
Solve the following and respond with only the final answer: What is 24 plus 60?,Solve the following and respond with only the final answer: What is 24 plus 13?,84
Solve the following and respond with only the final answer: What is 47 plus 93?,Solve the following and respond with only the final answer: What is 47 plus 79?,140
Solve the following and respond with only the final answer: What is 59 plus 85?,Solve the following and respond with only the final answer: What is 59 plus 24?,144
Solve the following and respond with only the final answer: What is 30 plus 61?,Solve the following and respond with only the final answer: What is 30 plus 88?,91
Solve the following and respond with only the final answer: What is 48 plus 61?,Solve the following and respond with only the final answer: What is 48 plus 45?,109
Solve the following and respond with only the final answer: What is 39 plus 63?,Solve the following and respond with only the final answer: What is 39 plus 57?,102
Solve the following and respond with only the final answer: What is 82 plus 94?,Solve the following and respond with only the final answer: What is 82 plus 39?,176
Solve the following and respond with only the final answer: What is 39 plus 27?,Solve the following and respond with only the final answer: What is 39 plus 56?,66
Solve the following and respond with only the final answer: What is 59 plus 92?,Solve the following and respond with only the final answer: What is 59 plus 13?,151
Solve the following and respond with only the final answer: What is 26 plus 94?,Solve the following and respond with only the final answer: What is 26 plus 91?,120
Solve the following and respond with only the final answer: What is 11 plus 26?,Solve the following and respond with only the final answer: What is 11 plus 52?,37
Solve the following and respond with only the final answer: What is 69 plus 78?,Solve the following and respond with only the final answer: What is 69 plus 20?,147
Solve the following and respond with only the final answer: What is 11 plus 16?,Solve the following and respond with only the final answer: What is 11 plus 40?,27
Solve the following and respond with only the final answer: What is 86 plus 11?,Solve the following and respond with only the final answer: What is 86 plus 89?,97
Solve the following and respond with only the final answer: What is 23 plus 17?,Solve the following and respond with only the final answer: What is 23 plus 33?,40
Solve the following and respond with only the final answer: What is 70 plus 87?,Solve the following and respond with only the final answer: What is 70 plus 87?,157
Solve the following and respond with only the final answer: What is 83 plus 52?,Solve the following and respond with only the final answer: What is 83 plus 87?,135
Solve the following and respond with only the final answer: What is 48 plus 80?,Solve the following and respond with only the final answer: What is 48 plus 74?,128
Solve the following and respond with only the final answer: What is 91 plus 79?,Solve the following and respond with only the final answer: What is 91 plus 37?,170
Solve the following and respond with only the final answer: What is 35 plus 87?,Solve the following and respond with only the final answer: What is 35 plus 95?,122
Solve the following and respond with only the final answer: What is 68 plus 27?,Solve the following and respond with only the final answer: What is 68 plus 45?,95
Solve the following and respond with only the final answer: What is 45 plus 46?,Solve the following and respond with only the final answer: What is 45 plus 42?,91
Solve the following and respond with only the final answer: What is 68 plus 23?,Solve the following and respond with only the final answer: What is 68 plus 33?,91
Solve the following and respond with only the final answer: What is 37 plus 98?,Solve the following and respond with only the final answer: What is 37 plus 44?,135
Solve the following and respond with only the final answer: What is 17 plus 48?,Solve the following and respond with only the final answer: What is 17 plus 90?,65
Solve the following and respond with only the final answer: What is 86 plus 55?,Solve the following and respond with only the final answer: What is 86 plus 78?,141
Solve the following and respond with only the final answer: What is 57 plus 49?,Solve the following and respond with only the final answer: What is 57 plus 93?,106
Solve the following and respond with only the final answer: What is 66 plus 28?,Solve the following and respond with only the final answer: What is 66 plus 35?,94
Solve the following and respond with only the final answer: What is 22 plus 33?,Solve the following and respond with only the final answer: What is 22 plus 28?,55
Solve the following and respond with only the final answer: What is 61 plus 97?,Solve the following and respond with only the final answer: What is 61 plus 10?,158
Solve the following and respond with only the final answer: What is 48 plus 66?,Solve the following and respond with only the final answer: What is 48 plus 16?,114
Solve the following and respond with only the final answer: What is 65 plus 74?,Solve the following and respond with only the final answer: What is 65 plus 12?,139
Solve the following and respond with only the final answer: What is 17 plus 10?,Solve the following and respond with only the final answer: What is 17 plus 87?,27
Solve the following and respond with only the final answer: What is 62 plus 92?,Solve the following and respond with only the final answer: What is 62 plus 31?,154
Solve the following and respond with only the final answer: What is 12 plus 40?,Solve the following and respond with only the final answer: What is 12 plus 87?,52
Solve the following and respond with only the final answer: What is 38 plus 96?,Solve the following and respond with only the final answer: What is 38 plus 76?,134
Solve the following and respond with only the final answer: What is 62 plus 40?,Solve the following and respond with only the final answer: What is 62 plus 36?,102
Solve the following and respond with only the final answer: What is 32 plus 19?,Solve the following and respond with only the final answer: What is 32 plus 35?,51
Solve the following and respond with only the final answer: What is 40 plus 17?,Solve the following and respond with only the final answer: What is 40 plus 78?,57
Solve the following and respond with only the final answer: What is 18 plus 97?,Solve the following and respond with only the final answer: What is 18 plus 87?,115
Solve the following and respond with only the final answer: What is 55 plus 94?,Solve the following and respond with only the final answer: What is 55 plus 88?,149
Solve the following and respond with only the final answer: What is 96 plus 28?,Solve the following and respond with only the final answer: What is 96 plus 36?,124
Solve the following and respond with only the final answer: What is 21 plus 23?,Solve the following and respond with only the final answer: What is 21 plus 56?,44
Solve the following and respond with only the final answer: What is 23 plus 31?,Solve the following and respond with only the final answer: What is 23 plus 20?,54
Solve the following and respond with only the final answer: What is 87 plus 34?,Solve the following and respond with only the final answer: What is 87 plus 45?,121
Solve the following and respond with only the final answer: What is 68 plus 95?,Solve the following and respond with only the final answer: What is 68 plus 17?,163
Solve the following and respond with only the final answer: What is 46 plus 26?,Solve the following and respond with only the final answer: What is 46 plus 71?,72
Solve the following and respond with only the final answer: What is 83 plus 54?,Solve the following and respond with only the final answer: What is 83 plus 13?,137
Solve the following and respond with only the final answer: What is 81 plus 53?,Solve the following and respond with only the final answer: What is 81 plus 12?,134
Solve the following and respond with only the final answer: What is 53 plus 14?,Solve the following and respond with only the final answer: What is 53 plus 63?,67
Solve the following and respond with only the final answer: What is 60 plus 29?,Solve the following and respond with only the final answer: What is 60 plus 70?,89
Solve the following and respond with only the final answer: What is 36 plus 59?,Solve the following and respond with only the final answer: What is 36 plus 60?,95
Solve the following and respond with only the final answer: What is 31 plus 75?,Solve the following and respond with only the final answer: What is 31 plus 32?,106
Solve the following and respond with only the final answer: What is 49 plus 87?,Solve the following and respond with only the final answer: What is 49 plus 77?,136
Solve the following and respond with only the final answer: What is 63 plus 38?,Solve the following and respond with only the final answer: What is 63 plus 96?,101
Solve the following and respond with only the final answer: What is 27 plus 56?,Solve the following and respond with only the final answer: What is 27 plus 59?,83
Solve the following and respond with only the final answer: What is 55 plus 38?,Solve the following and respond with only the final answer: What is 55 plus 53?,93
Solve the following and respond with only the final answer: What is 87 plus 15?,Solve the following and respond with only the final answer: What is 87 plus 14?,102
Solve the following and respond with only the final answer: What is 23 plus 91?,Solve the following and respond with only the final answer: What is 23 plus 63?,114
Solve the following and respond with only the final answer: What is 22 plus 87?,Solve the following and respond with only the final answer: What is 22 plus 13?,109
Solve the following and respond with only the final answer: What is 33 plus 21?,Solve the following and respond with only the final answer: What is 33 plus 17?,54
Solve the following and respond with only the final answer: What is 99 plus 26?,Solve the following and respond with only the final answer: What is 99 plus 89?,125
Solve the following and respond with only the final answer: What is 59 plus 57?,Solve the following and respond with only the final answer: What is 59 plus 81?,116
Solve the following and respond with only the final answer: What is 99 plus 29?,Solve the following and respond with only the final answer: What is 99 plus 38?,128
Solve the following and respond with only the final answer: What is 69 plus 43?,Solve the following and respond with only the final answer: What is 69 plus 60?,112
Solve the following and respond with only the final answer: What is 62 plus 11?,Solve the following and respond with only the final answer: What is 62 plus 88?,73
Solve the following and respond with only the final answer: What is 38 plus 15?,Solve the following and respond with only the final answer: What is 38 plus 22?,53
Solve the following and respond with only the final answer: What is 68 plus 59?,Solve the following and respond with only the final answer: What is 68 plus 72?,127
Solve the following and respond with only the final answer: What is 47 plus 15?,Solve the following and respond with only the final answer: What is 47 plus 91?,62
Solve the following and respond with only the final answer: What is 21 plus 45?,Solve the following and respond with only the final answer: What is 21 plus 15?,66
Solve the following and respond with only the final answer: What is 58 plus 20?,Solve the following and respond with only the final answer: What is 58 plus 91?,78
Solve the following and respond with only the final answer: What is 41 plus 11?,Solve the following and respond with only the final answer: What is 41 plus 86?,52
Solve the following and respond with only the final answer: What is 89 plus 80?,Solve the following and respond with only the final answer: What is 89 plus 73?,169
Solve the following and respond with only the final answer: What is 12 plus 93?,Solve the following and respond with only the final answer: What is 12 plus 41?,105
Solve the following and respond with only the final answer: What is 22 plus 14?,Solve the following and respond with only the final answer: What is 22 plus 71?,36
Solve the following and respond with only the final answer: What is 12 plus 98?,Solve the following and respond with only the final answer: What is 12 plus 54?,110
Solve the following and respond with only the final answer: What is 74 plus 57?,Solve the following and respond with only the final answer: What is 74 plus 26?,131
Solve the following and respond with only the final answer: What is 23 plus 15?,Solve the following and respond with only the final answer: What is 23 plus 36?,38
Solve the following and respond with only the final answer: What is 53 plus 33?,Solve the following and respond with only the final answer: What is 53 plus 24?,86
Solve the following and respond with only the final answer: What is 45 plus 54?,Solve the following and respond with only the final answer: What is 45 plus 21?,99
Solve the following and respond with only the final answer: What is 96 plus 32?,Solve the following and respond with only the final answer: What is 96 plus 69?,128
Solve the following and respond with only the final answer: What is 94 plus 39?,Solve the following and respond with only the final answer: What is 94 plus 67?,133
Solve the following and respond with only the final answer: What is 43 plus 75?,Solve the following and respond with only the final answer: What is 43 plus 25?,118
Solve the following and respond with only the final answer: What is 68 plus 91?,Solve the following and respond with only the final answer: What is 68 plus 82?,159
Solve the following and respond with only the final answer: What is 44 plus 78?,Solve the following and respond with only the final answer: What is 44 plus 82?,122
Solve the following and respond with only the final answer: What is 36 plus 63?,Solve the following and respond with only the final answer: What is 36 plus 89?,99
Solve the following and respond with only the final answer: What is 41 plus 24?,Solve the following and respond with only the final answer: What is 41 plus 42?,65
Solve the following and respond with only the final answer: What is 98 plus 44?,Solve the following and respond with only the final answer: What is 98 plus 46?,142
Solve the following and respond with only the final answer: What is 84 plus 67?,Solve the following and respond with only the final answer: What is 84 plus 80?,151
Solve the following and respond with only the final answer: What is 12 plus 72?,Solve the following and respond with only the final answer: What is 12 plus 18?,84
Solve the following and respond with only the final answer: What is 69 plus 49?,Solve the following and respond with only the final answer: What is 69 plus 98?,118
Solve the following and respond with only the final answer: What is 42 plus 73?,Solve the following and respond with only the final answer: What is 42 plus 43?,115
Solve the following and respond with only the final answer: What is 59 plus 38?,Solve the following and respond with only the final answer: What is 59 plus 40?,97
Solve the following and respond with only the final answer: What is 34 plus 44?,Solve the following and respond with only the final answer: What is 34 plus 74?,78
Solve the following and respond with only the final answer: What is 45 plus 77?,Solve the following and respond with only the final answer: What is 45 plus 64?,122
Solve the following and respond with only the final answer: What is 48 plus 49?,Solve the following and respond with only the final answer: What is 48 plus 40?,97
Solve the following and respond with only the final answer: What is 32 plus 63?,Solve the following and respond with only the final answer: What is 32 plus 85?,95
Solve the following and respond with only the final answer: What is 40 plus 60?,Solve the following and respond with only the final answer: What is 40 plus 37?,100
Solve the following and respond with only the final answer: What is 32 plus 33?,Solve the following and respond with only the final answer: What is 32 plus 96?,65
Solve the following and respond with only the final answer: What is 41 plus 45?,Solve the following and respond with only the final answer: What is 41 plus 17?,86
Solve the following and respond with only the final answer: What is 78 plus 17?,Solve the following and respond with only the final answer: What is 78 plus 45?,95
Solve the following and respond with only the final answer: What is 79 plus 97?,Solve the following and respond with only the final answer: What is 79 plus 93?,176
Solve the following and respond with only the final answer: What is 92 plus 91?,Solve the following and respond with only the final answer: What is 92 plus 36?,183
Solve the following and respond with only the final answer: What is 36 plus 15?,Solve the following and respond with only the final answer: What is 36 plus 67?,51
Solve the following and respond with only the final answer: What is 87 plus 64?,Solve the following and respond with only the final answer: What is 87 plus 17?,151
Solve the following and respond with only the final answer: What is 24 plus 14?,Solve the following and respond with only the final answer: What is 24 plus 59?,38
Solve the following and respond with only the final answer: What is 48 plus 21?,Solve the following and respond with only the final answer: What is 48 plus 59?,69
Solve the following and respond with only the final answer: What is 50 plus 31?,Solve the following and respond with only the final answer: What is 50 plus 60?,81
Solve the following and respond with only the final answer: What is 12 plus 25?,Solve the following and respond with only the final answer: What is 12 plus 30?,37
Solve the following and respond with only the final answer: What is 30 plus 94?,Solve the following and respond with only the final answer: What is 30 plus 53?,124
Solve the following and respond with only the final answer: What is 85 plus 42?,Solve the following and respond with only the final answer: What is 85 plus 60?,127
Solve the following and respond with only the final answer: What is 10 plus 21?,Solve the following and respond with only the final answer: What is 10 plus 62?,31
Solve the following and respond with only the final answer: What is 99 plus 16?,Solve the following and respond with only the final answer: What is 99 plus 36?,115
Solve the following and respond with only the final answer: What is 63 plus 72?,Solve the following and respond with only the final answer: What is 63 plus 95?,135
Solve the following and respond with only the final answer: What is 64 plus 26?,Solve the following and respond with only the final answer: What is 64 plus 60?,90
Solve the following and respond with only the final answer: What is 87 plus 66?,Solve the following and respond with only the final answer: What is 87 plus 77?,153
Solve the following and respond with only the final answer: What is 60 plus 39?,Solve the following and respond with only the final answer: What is 60 plus 99?,99
Solve the following and respond with only the final answer: What is 71 plus 49?,Solve the following and respond with only the final answer: What is 71 plus 42?,120
Solve the following and respond with only the final answer: What is 52 plus 99?,Solve the following and respond with only the final answer: What is 52 plus 56?,151
Solve the following and respond with only the final answer: What is 89 plus 10?,Solve the following and respond with only the final answer: What is 89 plus 35?,99
Solve the following and respond with only the final answer: What is 99 plus 52?,Solve the following and respond with only the final answer: What is 99 plus 35?,151
Solve the following and respond with only the final answer: What is 82 plus 18?,Solve the following and respond with only the final answer: What is 82 plus 17?,100
Solve the following and respond with only the final answer: What is 50 plus 37?,Solve the following and respond with only the final answer: What is 50 plus 19?,87
Solve the following and respond with only the final answer: What is 50 plus 21?,Solve the following and respond with only the final answer: What is 50 plus 74?,71
Solve the following and respond with only the final answer: What is 46 plus 73?,Solve the following and respond with only the final answer: What is 46 plus 34?,119
Solve the following and respond with only the final answer: What is 31 plus 19?,Solve the following and respond with only the final answer: What is 31 plus 85?,50
Solve the following and respond with only the final answer: What is 95 plus 75?,Solve the following and respond with only the final answer: What is 95 plus 66?,170
Solve the following and respond with only the final answer: What is 27 plus 99?,Solve the following and respond with only the final answer: What is 27 plus 42?,126
Solve the following and respond with only the final answer: What is 23 plus 54?,Solve the following and respond with only the final answer: What is 23 plus 51?,77
Solve the following and respond with only the final answer: What is 44 plus 36?,Solve the following and respond with only the final answer: What is 44 plus 76?,80
Solve the following and respond with only the final answer: What is 41 plus 40?,Solve the following and respond with only the final answer: What is 41 plus 22?,81
Solve the following and respond with only the final answer: What is 43 plus 70?,Solve the following and respond with only the final answer: What is 43 plus 16?,113
Solve the following and respond with only the final answer: What is 31 plus 86?,Solve the following and respond with only the final answer: What is 31 plus 56?,117
Solve the following and respond with only the final answer: What is 64 plus 93?,Solve the following and respond with only the final answer: What is 64 plus 46?,157
Solve the following and respond with only the final answer: What is 66 plus 11?,Solve the following and respond with only the final answer: What is 66 plus 16?,77
Solve the following and respond with only the final answer: What is 40 plus 97?,Solve the following and respond with only the final answer: What is 40 plus 25?,137
Solve the following and respond with only the final answer: What is 15 plus 43?,Solve the following and respond with only the final answer: What is 15 plus 48?,58
Solve the following and respond with only the final answer: What is 11 plus 80?,Solve the following and respond with only the final answer: What is 11 plus 31?,91
Solve the following and respond with only the final answer: What is 19 plus 15?,Solve the following and respond with only the final answer: What is 19 plus 12?,34
Solve the following and respond with only the final answer: What is 28 plus 90?,Solve the following and respond with only the final answer: What is 28 plus 81?,118
Solve the following and respond with only the final answer: What is 13 plus 59?,Solve the following and respond with only the final answer: What is 13 plus 20?,72
Solve the following and respond with only the final answer: What is 34 plus 49?,Solve the following and respond with only the final answer: What is 34 plus 56?,83
Solve the following and respond with only the final answer: What is 55 plus 85?,Solve the following and respond with only the final answer: What is 55 plus 40?,140
Solve the following and respond with only the final answer: What is 90 plus 57?,Solve the following and respond with only the final answer: What is 90 plus 35?,147
Solve the following and respond with only the final answer: What is 46 plus 15?,Solve the following and respond with only the final answer: What is 46 plus 53?,61
Solve the following and respond with only the final answer: What is 63 plus 12?,Solve the following and respond with only the final answer: What is 63 plus 58?,75
Solve the following and respond with only the final answer: What is 68 plus 39?,Solve the following and respond with only the final answer: What is 68 plus 87?,107
Solve the following and respond with only the final answer: What is 53 plus 38?,Solve the following and respond with only the final answer: What is 53 plus 51?,91
Solve the following and respond with only the final answer: What is 42 plus 53?,Solve the following and respond with only the final answer: What is 42 plus 10?,95
Solve the following and respond with only the final answer: What is 28 plus 82?,Solve the following and respond with only the final answer: What is 28 plus 91?,110
Solve the following and respond with only the final answer: What is 47 plus 13?,Solve the following and respond with only the final answer: What is 47 plus 41?,60
Solve the following and respond with only the final answer: What is 70 plus 44?,Solve the following and respond with only the final answer: What is 70 plus 49?,114
Solve the following and respond with only the final answer: What is 40 plus 61?,Solve the following and respond with only the final answer: What is 40 plus 32?,101
Solve the following and respond with only the final answer: What is 15 plus 68?,Solve the following and respond with only the final answer: What is 15 plus 77?,83
Solve the following and respond with only the final answer: What is 37 plus 35?,Solve the following and respond with only the final answer: What is 37 plus 42?,72
Solve the following and respond with only the final answer: What is 54 plus 76?,Solve the following and respond with only the final answer: What is 54 plus 27?,130
Solve the following and respond with only the final answer: What is 16 plus 75?,Solve the following and respond with only the final answer: What is 16 plus 69?,91
Solve the following and respond with only the final answer: What is 42 plus 83?,Solve the following and respond with only the final answer: What is 42 plus 56?,125
Solve the following and respond with only the final answer: What is 93 plus 15?,Solve the following and respond with only the final answer: What is 93 plus 33?,108
Solve the following and respond with only the final answer: What is 17 plus 26?,Solve the following and respond with only the final answer: What is 17 plus 77?,43
Solve the following and respond with only the final answer: What is 20 plus 61?,Solve the following and respond with only the final answer: What is 20 plus 65?,81
Solve the following and respond with only the final answer: What is 92 plus 90?,Solve the following and respond with only the final answer: What is 92 plus 56?,182
Solve the following and respond with only the final answer: What is 11 plus 54?,Solve the following and respond with only the final answer: What is 11 plus 48?,65
Solve the following and respond with only the final answer: What is 92 plus 58?,Solve the following and respond with only the final answer: What is 92 plus 21?,150
Solve the following and respond with only the final answer: What is 38 plus 25?,Solve the following and respond with only the final answer: What is 38 plus 82?,63
Solve the following and respond with only the final answer: What is 67 plus 12?,Solve the following and respond with only the final answer: What is 67 plus 59?,79
Solve the following and respond with only the final answer: What is 20 plus 32?,Solve the following and respond with only the final answer: What is 20 plus 69?,52
Solve the following and respond with only the final answer: What is 38 plus 37?,Solve the following and respond with only the final answer: What is 38 plus 82?,75
Solve the following and respond with only the final answer: What is 61 plus 16?,Solve the following and respond with only the final answer: What is 61 plus 64?,77
Solve the following and respond with only the final answer: What is 57 plus 96?,Solve the following and respond with only the final answer: What is 57 plus 77?,153
Solve the following and respond with only the final answer: What is 21 plus 45?,Solve the following and respond with only the final answer: What is 21 plus 19?,66
Solve the following and respond with only the final answer: What is 77 plus 75?,Solve the following and respond with only the final answer: What is 77 plus 25?,152
Solve the following and respond with only the final answer: What is 51 plus 83?,Solve the following and respond with only the final answer: What is 51 plus 16?,134
Solve the following and respond with only the final answer: What is 25 plus 91?,Solve the following and respond with only the final answer: What is 25 plus 31?,116
Solve the following and respond with only the final answer: What is 88 plus 37?,Solve the following and respond with only the final answer: What is 88 plus 70?,125
Solve the following and respond with only the final answer: What is 54 plus 45?,Solve the following and respond with only the final answer: What is 54 plus 12?,99
Solve the following and respond with only the final answer: What is 39 plus 89?,Solve the following and respond with only the final answer: What is 39 plus 26?,128
Solve the following and respond with only the final answer: What is 76 plus 71?,Solve the following and respond with only the final answer: What is 76 plus 38?,147
Solve the following and respond with only the final answer: What is 97 plus 20?,Solve the following and respond with only the final answer: What is 97 plus 50?,117
Solve the following and respond with only the final answer: What is 20 plus 77?,Solve the following and respond with only the final answer: What is 20 plus 10?,97
Solve the following and respond with only the final answer: What is 66 plus 41?,Solve the following and respond with only the final answer: What is 66 plus 19?,107
Solve the following and respond with only the final answer: What is 10 plus 73?,Solve the following and respond with only the final answer: What is 10 plus 20?,83
Solve the following and respond with only the final answer: What is 24 plus 86?,Solve the following and respond with only the final answer: What is 24 plus 27?,110
Solve the following and respond with only the final answer: What is 48 plus 45?,Solve the following and respond with only the final answer: What is 48 plus 45?,93
Solve the following and respond with only the final answer: What is 35 plus 15?,Solve the following and respond with only the final answer: What is 35 plus 17?,50
Solve the following and respond with only the final answer: What is 10 plus 38?,Solve the following and respond with only the final answer: What is 10 plus 72?,48
Solve the following and respond with only the final answer: What is 35 plus 30?,Solve the following and respond with only the final answer: What is 35 plus 35?,65
Solve the following and respond with only the final answer: What is 67 plus 33?,Solve the following and respond with only the final answer: What is 67 plus 53?,100
Solve the following and respond with only the final answer: What is 70 plus 64?,Solve the following and respond with only the final answer: What is 70 plus 45?,134
Solve the following and respond with only the final answer: What is 14 plus 81?,Solve the following and respond with only the final answer: What is 14 plus 66?,95
Solve the following and respond with only the final answer: What is 99 plus 52?,Solve the following and respond with only the final answer: What is 99 plus 58?,151
Solve the following and respond with only the final answer: What is 78 plus 51?,Solve the following and respond with only the final answer: What is 78 plus 75?,129
Solve the following and respond with only the final answer: What is 68 plus 23?,Solve the following and respond with only the final answer: What is 68 plus 48?,91
Solve the following and respond with only the final answer: What is 56 plus 35?,Solve the following and respond with only the final answer: What is 56 plus 33?,91
Solve the following and respond with only the final answer: What is 57 plus 44?,Solve the following and respond with only the final answer: What is 57 plus 39?,101
Solve the following and respond with only the final answer: What is 52 plus 36?,Solve the following and respond with only the final answer: What is 52 plus 46?,88
Solve the following and respond with only the final answer: What is 66 plus 30?,Solve the following and respond with only the final answer: What is 66 plus 64?,96
Solve the following and respond with only the final answer: What is 77 plus 82?,Solve the following and respond with only the final answer: What is 77 plus 62?,159
Solve the following and respond with only the final answer: What is 35 plus 75?,Solve the following and respond with only the final answer: What is 35 plus 72?,110
Solve the following and respond with only the final answer: What is 22 plus 30?,Solve the following and respond with only the final answer: What is 22 plus 78?,52
Solve the following and respond with only the final answer: What is 37 plus 99?,Solve the following and respond with only the final answer: What is 37 plus 78?,136
Solve the following and respond with only the final answer: What is 54 plus 64?,Solve the following and respond with only the final answer: What is 54 plus 78?,118
Solve the following and respond with only the final answer: What is 53 plus 13?,Solve the following and respond with only the final answer: What is 53 plus 91?,66
Solve the following and respond with only the final answer: What is 50 plus 51?,Solve the following and respond with only the final answer: What is 50 plus 33?,101
Solve the following and respond with only the final answer: What is 36 plus 58?,Solve the following and respond with only the final answer: What is 36 plus 44?,94
Solve the following and respond with only the final answer: What is 12 plus 14?,Solve the following and respond with only the final answer: What is 12 plus 41?,26
Solve the following and respond with only the final answer: What is 13 plus 89?,Solve the following and respond with only the final answer: What is 13 plus 17?,102
Solve the following and respond with only the final answer: What is 16 plus 91?,Solve the following and respond with only the final answer: What is 16 plus 57?,107
Solve the following and respond with only the final answer: What is 76 plus 63?,Solve the following and respond with only the final answer: What is 76 plus 98?,139
Solve the following and respond with only the final answer: What is 15 plus 98?,Solve the following and respond with only the final answer: What is 15 plus 36?,113
Solve the following and respond with only the final answer: What is 36 plus 58?,Solve the following and respond with only the final answer: What is 36 plus 38?,94
Solve the following and respond with only the final answer: What is 89 plus 93?,Solve the following and respond with only the final answer: What is 89 plus 49?,182
Solve the following and respond with only the final answer: What is 33 plus 68?,Solve the following and respond with only the final answer: What is 33 plus 98?,101
Solve the following and respond with only the final answer: What is 97 plus 85?,Solve the following and respond with only the final answer: What is 97 plus 93?,182
Solve the following and respond with only the final answer: What is 73 plus 41?,Solve the following and respond with only the final answer: What is 73 plus 29?,114
Solve the following and respond with only the final answer: What is 25 plus 21?,Solve the following and respond with only the final answer: What is 25 plus 72?,46
Solve the following and respond with only the final answer: What is 88 plus 28?,Solve the following and respond with only the final answer: What is 88 plus 23?,116
Solve the following and respond with only the final answer: What is 36 plus 65?,Solve the following and respond with only the final answer: What is 36 plus 26?,101
Solve the following and respond with only the final answer: What is 89 plus 42?,Solve the following and respond with only the final answer: What is 89 plus 27?,131
Solve the following and respond with only the final answer: What is 76 plus 69?,Solve the following and respond with only the final answer: What is 76 plus 46?,145
Solve the following and respond with only the final answer: What is 47 plus 51?,Solve the following and respond with only the final answer: What is 47 plus 84?,98
Solve the following and respond with only the final answer: What is 84 plus 73?,Solve the following and respond with only the final answer: What is 84 plus 77?,157
Solve the following and respond with only the final answer: What is 11 plus 39?,Solve the following and respond with only the final answer: What is 11 plus 46?,50
Solve the following and respond with only the final answer: What is 61 plus 25?,Solve the following and respond with only the final answer: What is 61 plus 94?,86
Solve the following and respond with only the final answer: What is 72 plus 71?,Solve the following and respond with only the final answer: What is 72 plus 13?,143
Solve the following and respond with only the final answer: What is 48 plus 18?,Solve the following and respond with only the final answer: What is 48 plus 85?,66
Solve the following and respond with only the final answer: What is 36 plus 57?,Solve the following and respond with only the final answer: What is 36 plus 71?,93
Solve the following and respond with only the final answer: What is 55 plus 70?,Solve the following and respond with only the final answer: What is 55 plus 75?,125
Solve the following and respond with only the final answer: What is 23 plus 86?,Solve the following and respond with only the final answer: What is 23 plus 89?,109
Solve the following and respond with only the final answer: What is 95 plus 79?,Solve the following and respond with only the final answer: What is 95 plus 37?,174
Solve the following and respond with only the final answer: What is 33 plus 36?,Solve the following and respond with only the final answer: What is 33 plus 14?,69
Solve the following and respond with only the final answer: What is 42 plus 45?,Solve the following and respond with only the final answer: What is 42 plus 55?,87
Solve the following and respond with only the final answer: What is 71 plus 77?,Solve the following and respond with only the final answer: What is 71 plus 75?,148
Solve the following and respond with only the final answer: What is 97 plus 33?,Solve the following and respond with only the final answer: What is 97 plus 20?,130
Solve the following and respond with only the final answer: What is 33 plus 83?,Solve the following and respond with only the final answer: What is 33 plus 30?,116
Solve the following and respond with only the final answer: What is 21 plus 58?,Solve the following and respond with only the final answer: What is 21 plus 61?,79
Solve the following and respond with only the final answer: What is 33 plus 41?,Solve the following and respond with only the final answer: What is 33 plus 45?,74
Solve the following and respond with only the final answer: What is 12 plus 39?,Solve the following and respond with only the final answer: What is 12 plus 21?,51
Solve the following and respond with only the final answer: What is 68 plus 49?,Solve the following and respond with only the final answer: What is 68 plus 92?,117
Solve the following and respond with only the final answer: What is 11 plus 96?,Solve the following and respond with only the final answer: What is 11 plus 18?,107
Solve the following and respond with only the final answer: What is 24 plus 20?,Solve the following and respond with only the final answer: What is 24 plus 62?,44
Solve the following and respond with only the final answer: What is 73 plus 86?,Solve the following and respond with only the final answer: What is 73 plus 39?,159
Solve the following and respond with only the final answer: What is 98 plus 48?,Solve the following and respond with only the final answer: What is 98 plus 72?,146
Solve the following and respond with only the final answer: What is 37 plus 40?,Solve the following and respond with only the final answer: What is 37 plus 78?,77
Solve the following and respond with only the final answer: What is 14 plus 61?,Solve the following and respond with only the final answer: What is 14 plus 17?,75
Solve the following and respond with only the final answer: What is 49 plus 13?,Solve the following and respond with only the final answer: What is 49 plus 79?,62
Solve the following and respond with only the final answer: What is 74 plus 41?,Solve the following and respond with only the final answer: What is 74 plus 65?,115
Solve the following and respond with only the final answer: What is 80 plus 93?,Solve the following and respond with only the final answer: What is 80 plus 43?,173
Solve the following and respond with only the final answer: What is 69 plus 63?,Solve the following and respond with only the final answer: What is 69 plus 99?,132
Solve the following and respond with only the final answer: What is 80 plus 89?,Solve the following and respond with only the final answer: What is 80 plus 44?,169
Solve the following and respond with only the final answer: What is 12 plus 33?,Solve the following and respond with only the final answer: What is 12 plus 80?,45
Solve the following and respond with only the final answer: What is 23 plus 83?,Solve the following and respond with only the final answer: What is 23 plus 84?,106
Solve the following and respond with only the final answer: What is 35 plus 52?,Solve the following and respond with only the final answer: What is 35 plus 82?,87
Solve the following and respond with only the final answer: What is 29 plus 14?,Solve the following and respond with only the final answer: What is 29 plus 68?,43
Solve the following and respond with only the final answer: What is 66 plus 62?,Solve the following and respond with only the final answer: What is 66 plus 20?,128
Solve the following and respond with only the final answer: What is 49 plus 37?,Solve the following and respond with only the final answer: What is 49 plus 36?,86
Solve the following and respond with only the final answer: What is 81 plus 89?,Solve the following and respond with only the final answer: What is 81 plus 53?,170
Solve the following and respond with only the final answer: What is 56 plus 98?,Solve the following and respond with only the final answer: What is 56 plus 68?,154
Solve the following and respond with only the final answer: What is 59 plus 67?,Solve the following and respond with only the final answer: What is 59 plus 95?,126
Solve the following and respond with only the final answer: What is 59 plus 86?,Solve the following and respond with only the final answer: What is 59 plus 87?,145
Solve the following and respond with only the final answer: What is 35 plus 32?,Solve the following and respond with only the final answer: What is 35 plus 16?,67
Solve the following and respond with only the final answer: What is 97 plus 73?,Solve the following and respond with only the final answer: What is 97 plus 46?,170
Solve the following and respond with only the final answer: What is 70 plus 50?,Solve the following and respond with only the final answer: What is 70 plus 64?,120
Solve the following and respond with only the final answer: What is 61 plus 51?,Solve the following and respond with only the final answer: What is 61 plus 27?,112
Solve the following and respond with only the final answer: What is 56 plus 62?,Solve the following and respond with only the final answer: What is 56 plus 82?,118
Solve the following and respond with only the final answer: What is 58 plus 77?,Solve the following and respond with only the final answer: What is 58 plus 50?,135
Solve the following and respond with only the final answer: What is 76 plus 56?,Solve the following and respond with only the final answer: What is 76 plus 67?,132
Solve the following and respond with only the final answer: What is 42 plus 21?,Solve the following and respond with only the final answer: What is 42 plus 59?,63
Solve the following and respond with only the final answer: What is 85 plus 68?,Solve the following and respond with only the final answer: What is 85 plus 45?,153
Solve the following and respond with only the final answer: What is 16 plus 64?,Solve the following and respond with only the final answer: What is 16 plus 32?,80
Solve the following and respond with only the final answer: What is 38 plus 66?,Solve the following and respond with only the final answer: What is 38 plus 85?,104
Solve the following and respond with only the final answer: What is 13 plus 13?,Solve the following and respond with only the final answer: What is 13 plus 53?,26
Solve the following and respond with only the final answer: What is 22 plus 46?,Solve the following and respond with only the final answer: What is 22 plus 66?,68
Solve the following and respond with only the final answer: What is 74 plus 63?,Solve the following and respond with only the final answer: What is 74 plus 46?,137
Solve the following and respond with only the final answer: What is 64 plus 78?,Solve the following and respond with only the final answer: What is 64 plus 97?,142
Solve the following and respond with only the final answer: What is 51 plus 97?,Solve the following and respond with only the final answer: What is 51 plus 48?,148
Solve the following and respond with only the final answer: What is 94 plus 15?,Solve the following and respond with only the final answer: What is 94 plus 71?,109
Solve the following and respond with only the final answer: What is 26 plus 46?,Solve the following and respond with only the final answer: What is 26 plus 23?,72
Solve the following and respond with only the final answer: What is 83 plus 42?,Solve the following and respond with only the final answer: What is 83 plus 32?,125
Solve the following and respond with only the final answer: What is 45 plus 70?,Solve the following and respond with only the final answer: What is 45 plus 71?,115
Solve the following and respond with only the final answer: What is 98 plus 23?,Solve the following and respond with only the final answer: What is 98 plus 47?,121
Solve the following and respond with only the final answer: What is 82 plus 20?,Solve the following and respond with only the final answer: What is 82 plus 14?,102
Solve the following and respond with only the final answer: What is 26 plus 17?,Solve the following and respond with only the final answer: What is 26 plus 25?,43
Solve the following and respond with only the final answer: What is 23 plus 54?,Solve the following and respond with only the final answer: What is 23 plus 69?,77
Solve the following and respond with only the final answer: What is 95 plus 35?,Solve the following and respond with only the final answer: What is 95 plus 16?,130
Solve the following and respond with only the final answer: What is 23 plus 95?,Solve the following and respond with only the final answer: What is 23 plus 49?,118
Solve the following and respond with only the final answer: What is 61 plus 63?,Solve the following and respond with only the final answer: What is 61 plus 35?,124
Solve the following and respond with only the final answer: What is 10 plus 59?,Solve the following and respond with only the final answer: What is 10 plus 82?,69
Solve the following and respond with only the final answer: What is 67 plus 22?,Solve the following and respond with only the final answer: What is 67 plus 31?,89
Solve the following and respond with only the final answer: What is 42 plus 67?,Solve the following and respond with only the final answer: What is 42 plus 99?,109
Solve the following and respond with only the final answer: What is 71 plus 79?,Solve the following and respond with only the final answer: What is 71 plus 22?,150
Solve the following and respond with only the final answer: What is 86 plus 53?,Solve the following and respond with only the final answer: What is 86 plus 19?,139
Solve the following and respond with only the final answer: What is 61 plus 76?,Solve the following and respond with only the final answer: What is 61 plus 15?,137
Solve the following and respond with only the final answer: What is 44 plus 89?,Solve the following and respond with only the final answer: What is 44 plus 67?,133
Solve the following and respond with only the final answer: What is 85 plus 83?,Solve the following and respond with only the final answer: What is 85 plus 17?,168
Solve the following and respond with only the final answer: What is 56 plus 50?,Solve the following and respond with only the final answer: What is 56 plus 60?,106
Solve the following and respond with only the final answer: What is 53 plus 17?,Solve the following and respond with only the final answer: What is 53 plus 26?,70
Solve the following and respond with only the final answer: What is 25 plus 64?,Solve the following and respond with only the final answer: What is 25 plus 97?,89
Solve the following and respond with only the final answer: What is 57 plus 94?,Solve the following and respond with only the final answer: What is 57 plus 14?,151
Solve the following and respond with only the final answer: What is 42 plus 51?,Solve the following and respond with only the final answer: What is 42 plus 99?,93
Solve the following and respond with only the final answer: What is 75 plus 39?,Solve the following and respond with only the final answer: What is 75 plus 72?,114
Solve the following and respond with only the final answer: What is 71 plus 24?,Solve the following and respond with only the final answer: What is 71 plus 74?,95
Solve the following and respond with only the final answer: What is 80 plus 35?,Solve the following and respond with only the final answer: What is 80 plus 21?,115
Solve the following and respond with only the final answer: What is 63 plus 25?,Solve the following and respond with only the final answer: What is 63 plus 57?,88
Solve the following and respond with only the final answer: What is 73 plus 37?,Solve the following and respond with only the final answer: What is 73 plus 68?,110
Solve the following and respond with only the final answer: What is 14 plus 79?,Solve the following and respond with only the final answer: What is 14 plus 58?,93
Solve the following and respond with only the final answer: What is 99 plus 63?,Solve the following and respond with only the final answer: What is 99 plus 13?,162
Solve the following and respond with only the final answer: What is 15 plus 58?,Solve the following and respond with only the final answer: What is 15 plus 86?,73
Solve the following and respond with only the final answer: What is 75 plus 70?,Solve the following and respond with only the final answer: What is 75 plus 53?,145
Solve the following and respond with only the final answer: What is 37 plus 25?,Solve the following and respond with only the final answer: What is 37 plus 63?,62
Solve the following and respond with only the final answer: What is 65 plus 71?,Solve the following and respond with only the final answer: What is 65 plus 60?,136
Solve the following and respond with only the final answer: What is 76 plus 76?,Solve the following and respond with only the final answer: What is 76 plus 59?,152
Solve the following and respond with only the final answer: What is 93 plus 82?,Solve the following and respond with only the final answer: What is 93 plus 93?,175
Solve the following and respond with only the final answer: What is 76 plus 47?,Solve the following and respond with only the final answer: What is 76 plus 18?,123
Solve the following and respond with only the final answer: What is 83 plus 55?,Solve the following and respond with only the final answer: What is 83 plus 30?,138
Solve the following and respond with only the final answer: What is 65 plus 50?,Solve the following and respond with only the final answer: What is 65 plus 73?,115
Solve the following and respond with only the final answer: What is 47 plus 45?,Solve the following and respond with only the final answer: What is 47 plus 27?,92
Solve the following and respond with only the final answer: What is 24 plus 16?,Solve the following and respond with only the final answer: What is 24 plus 83?,40
Solve the following and respond with only the final answer: What is 37 plus 21?,Solve the following and respond with only the final answer: What is 37 plus 93?,58
Solve the following and respond with only the final answer: What is 95 plus 94?,Solve the following and respond with only the final answer: What is 95 plus 47?,189
Solve the following and respond with only the final answer: What is 33 plus 18?,Solve the following and respond with only the final answer: What is 33 plus 29?,51
Solve the following and respond with only the final answer: What is 93 plus 11?,Solve the following and respond with only the final answer: What is 93 plus 22?,104
Solve the following and respond with only the final answer: What is 63 plus 39?,Solve the following and respond with only the final answer: What is 63 plus 35?,102
Solve the following and respond with only the final answer: What is 35 plus 34?,Solve the following and respond with only the final answer: What is 35 plus 61?,69
Solve the following and respond with only the final answer: What is 92 plus 23?,Solve the following and respond with only the final answer: What is 92 plus 38?,115
Solve the following and respond with only the final answer: What is 74 plus 85?,Solve the following and respond with only the final answer: What is 74 plus 18?,159
Solve the following and respond with only the final answer: What is 84 plus 31?,Solve the following and respond with only the final answer: What is 84 plus 65?,115
Solve the following and respond with only the final answer: What is 87 plus 28?,Solve the following and respond with only the final answer: What is 87 plus 97?,115
Solve the following and respond with only the final answer: What is 92 plus 53?,Solve the following and respond with only the final answer: What is 92 plus 56?,145
Solve the following and respond with only the final answer: What is 62 plus 43?,Solve the following and respond with only the final answer: What is 62 plus 73?,105
Solve the following and respond with only the final answer: What is 32 plus 54?,Solve the following and respond with only the final answer: What is 32 plus 62?,86
Solve the following and respond with only the final answer: What is 37 plus 65?,Solve the following and respond with only the final answer: What is 37 plus 49?,102
Solve the following and respond with only the final answer: What is 62 plus 93?,Solve the following and respond with only the final answer: What is 62 plus 39?,155
Solve the following and respond with only the final answer: What is 52 plus 41?,Solve the following and respond with only the final answer: What is 52 plus 55?,93
Solve the following and respond with only the final answer: What is 68 plus 25?,Solve the following and respond with only the final answer: What is 68 plus 37?,93
Solve the following and respond with only the final answer: What is 60 plus 42?,Solve the following and respond with only the final answer: What is 60 plus 47?,102
Solve the following and respond with only the final answer: What is 61 plus 15?,Solve the following and respond with only the final answer: What is 61 plus 41?,76
Solve the following and respond with only the final answer: What is 12 plus 98?,Solve the following and respond with only the final answer: What is 12 plus 91?,110
Solve the following and respond with only the final answer: What is 70 plus 98?,Solve the following and respond with only the final answer: What is 70 plus 56?,168
Solve the following and respond with only the final answer: What is 79 plus 78?,Solve the following and respond with only the final answer: What is 79 plus 75?,157
Solve the following and respond with only the final answer: What is 56 plus 77?,Solve the following and respond with only the final answer: What is 56 plus 60?,133
Solve the following and respond with only the final answer: What is 33 plus 41?,Solve the following and respond with only the final answer: What is 33 plus 36?,74
Solve the following and respond with only the final answer: What is 30 plus 25?,Solve the following and respond with only the final answer: What is 30 plus 66?,55
Solve the following and respond with only the final answer: What is 41 plus 73?,Solve the following and respond with only the final answer: What is 41 plus 12?,114
Solve the following and respond with only the final answer: What is 37 plus 53?,Solve the following and respond with only the final answer: What is 37 plus 75?,90
Solve the following and respond with only the final answer: What is 81 plus 93?,Solve the following and respond with only the final answer: What is 81 plus 65?,174
Solve the following and respond with only the final answer: What is 80 plus 23?,Solve the following and respond with only the final answer: What is 80 plus 44?,103
Solve the following and respond with only the final answer: What is 52 plus 66?,Solve the following and respond with only the final answer: What is 52 plus 60?,118
Solve the following and respond with only the final answer: What is 48 plus 10?,Solve the following and respond with only the final answer: What is 48 plus 45?,58
Solve the following and respond with only the final answer: What is 28 plus 78?,Solve the following and respond with only the final answer: What is 28 plus 23?,106
Solve the following and respond with only the final answer: What is 90 plus 36?,Solve the following and respond with only the final answer: What is 90 plus 93?,126
Solve the following and respond with only the final answer: What is 55 plus 93?,Solve the following and respond with only the final answer: What is 55 plus 19?,148
Solve the following and respond with only the final answer: What is 27 plus 67?,Solve the following and respond with only the final answer: What is 27 plus 81?,94
Solve the following and respond with only the final answer: What is 21 plus 85?,Solve the following and respond with only the final answer: What is 21 plus 56?,106
Solve the following and respond with only the final answer: What is 39 plus 63?,Solve the following and respond with only the final answer: What is 39 plus 12?,102
Solve the following and respond with only the final answer: What is 72 plus 37?,Solve the following and respond with only the final answer: What is 72 plus 91?,109
Solve the following and respond with only the final answer: What is 67 plus 68?,Solve the following and respond with only the final answer: What is 67 plus 36?,135
Solve the following and respond with only the final answer: What is 12 plus 19?,Solve the following and respond with only the final answer: What is 12 plus 68?,31
Solve the following and respond with only the final answer: What is 19 plus 66?,Solve the following and respond with only the final answer: What is 19 plus 54?,85
Solve the following and respond with only the final answer: What is 67 plus 22?,Solve the following and respond with only the final answer: What is 67 plus 36?,89
Solve the following and respond with only the final answer: What is 69 plus 24?,Solve the following and respond with only the final answer: What is 69 plus 92?,93
Solve the following and respond with only the final answer: What is 44 plus 57?,Solve the following and respond with only the final answer: What is 44 plus 10?,101
Solve the following and respond with only the final answer: What is 43 plus 65?,Solve the following and respond with only the final answer: What is 43 plus 16?,108
Solve the following and respond with only the final answer: What is 99 plus 60?,Solve the following and respond with only the final answer: What is 99 plus 23?,159
Solve the following and respond with only the final answer: What is 61 plus 25?,Solve the following and respond with only the final answer: What is 61 plus 13?,86
Solve the following and respond with only the final answer: What is 38 plus 92?,Solve the following and respond with only the final answer: What is 38 plus 51?,130
Solve the following and respond with only the final answer: What is 52 plus 39?,Solve the following and respond with only the final answer: What is 52 plus 43?,91
Solve the following and respond with only the final answer: What is 33 plus 68?,Solve the following and respond with only the final answer: What is 33 plus 63?,101
Solve the following and respond with only the final answer: What is 32 plus 14?,Solve the following and respond with only the final answer: What is 32 plus 58?,46
Solve the following and respond with only the final answer: What is 84 plus 26?,Solve the following and respond with only the final answer: What is 84 plus 80?,110
Solve the following and respond with only the final answer: What is 21 plus 22?,Solve the following and respond with only the final answer: What is 21 plus 40?,43
Solve the following and respond with only the final answer: What is 83 plus 41?,Solve the following and respond with only the final answer: What is 83 plus 92?,124
Solve the following and respond with only the final answer: What is 72 plus 26?,Solve the following and respond with only the final answer: What is 72 plus 22?,98
Solve the following and respond with only the final answer: What is 77 plus 49?,Solve the following and respond with only the final answer: What is 77 plus 33?,126
Solve the following and respond with only the final answer: What is 14 plus 88?,Solve the following and respond with only the final answer: What is 14 plus 40?,102
Solve the following and respond with only the final answer: What is 74 plus 66?,Solve the following and respond with only the final answer: What is 74 plus 78?,140
Solve the following and respond with only the final answer: What is 32 plus 74?,Solve the following and respond with only the final answer: What is 32 plus 98?,106
Solve the following and respond with only the final answer: What is 23 plus 86?,Solve the following and respond with only the final answer: What is 23 plus 94?,109
Solve the following and respond with only the final answer: What is 78 plus 89?,Solve the following and respond with only the final answer: What is 78 plus 85?,167
Solve the following and respond with only the final answer: What is 60 plus 96?,Solve the following and respond with only the final answer: What is 60 plus 39?,156
Solve the following and respond with only the final answer: What is 46 plus 58?,Solve the following and respond with only the final answer: What is 46 plus 48?,104
Solve the following and respond with only the final answer: What is 83 plus 64?,Solve the following and respond with only the final answer: What is 83 plus 16?,147
Solve the following and respond with only the final answer: What is 34 plus 90?,Solve the following and respond with only the final answer: What is 34 plus 31?,124
Solve the following and respond with only the final answer: What is 10 plus 62?,Solve the following and respond with only the final answer: What is 10 plus 47?,72
Solve the following and respond with only the final answer: What is 37 plus 43?,Solve the following and respond with only the final answer: What is 37 plus 54?,80
Solve the following and respond with only the final answer: What is 42 plus 29?,Solve the following and respond with only the final answer: What is 42 plus 85?,71
Solve the following and respond with only the final answer: What is 54 plus 86?,Solve the following and respond with only the final answer: What is 54 plus 22?,140
Solve the following and respond with only the final answer: What is 49 plus 67?,Solve the following and respond with only the final answer: What is 49 plus 48?,116
Solve the following and respond with only the final answer: What is 72 plus 54?,Solve the following and respond with only the final answer: What is 72 plus 22?,126
Solve the following and respond with only the final answer: What is 87 plus 99?,Solve the following and respond with only the final answer: What is 87 plus 60?,186
Solve the following and respond with only the final answer: What is 15 plus 59?,Solve the following and respond with only the final answer: What is 15 plus 89?,74
Solve the following and respond with only the final answer: What is 82 plus 99?,Solve the following and respond with only the final answer: What is 82 plus 82?,181
Solve the following and respond with only the final answer: What is 63 plus 70?,Solve the following and respond with only the final answer: What is 63 plus 69?,133
Solve the following and respond with only the final answer: What is 81 plus 62?,Solve the following and respond with only the final answer: What is 81 plus 53?,143
Solve the following and respond with only the final answer: What is 60 plus 34?,Solve the following and respond with only the final answer: What is 60 plus 32?,94
Solve the following and respond with only the final answer: What is 53 plus 32?,Solve the following and respond with only the final answer: What is 53 plus 73?,85
Solve the following and respond with only the final answer: What is 82 plus 13?,Solve the following and respond with only the final answer: What is 82 plus 90?,95
Solve the following and respond with only the final answer: What is 22 plus 29?,Solve the following and respond with only the final answer: What is 22 plus 91?,51
Solve the following and respond with only the final answer: What is 85 plus 37?,Solve the following and respond with only the final answer: What is 85 plus 94?,122
Solve the following and respond with only the final answer: What is 76 plus 16?,Solve the following and respond with only the final answer: What is 76 plus 40?,92
Solve the following and respond with only the final answer: What is 35 plus 58?,Solve the following and respond with only the final answer: What is 35 plus 84?,93
Solve the following and respond with only the final answer: What is 83 plus 69?,Solve the following and respond with only the final answer: What is 83 plus 47?,152
Solve the following and respond with only the final answer: What is 27 plus 88?,Solve the following and respond with only the final answer: What is 27 plus 44?,115
Solve the following and respond with only the final answer: What is 18 plus 21?,Solve the following and respond with only the final answer: What is 18 plus 26?,39
Solve the following and respond with only the final answer: What is 62 plus 65?,Solve the following and respond with only the final answer: What is 62 plus 90?,127
Solve the following and respond with only the final answer: What is 95 plus 37?,Solve the following and respond with only the final answer: What is 95 plus 21?,132
Solve the following and respond with only the final answer: What is 38 plus 90?,Solve the following and respond with only the final answer: What is 38 plus 24?,128
Solve the following and respond with only the final answer: What is 21 plus 33?,Solve the following and respond with only the final answer: What is 21 plus 23?,54
Solve the following and respond with only the final answer: What is 95 plus 77?,Solve the following and respond with only the final answer: What is 95 plus 45?,172
Solve the following and respond with only the final answer: What is 68 plus 87?,Solve the following and respond with only the final answer: What is 68 plus 47?,155
Solve the following and respond with only the final answer: What is 66 plus 88?,Solve the following and respond with only the final answer: What is 66 plus 51?,154
Solve the following and respond with only the final answer: What is 36 plus 11?,Solve the following and respond with only the final answer: What is 36 plus 41?,47
Solve the following and respond with only the final answer: What is 97 plus 23?,Solve the following and respond with only the final answer: What is 97 plus 66?,120
Solve the following and respond with only the final answer: What is 34 plus 19?,Solve the following and respond with only the final answer: What is 34 plus 75?,53
Solve the following and respond with only the final answer: What is 38 plus 96?,Solve the following and respond with only the final answer: What is 38 plus 34?,134
Solve the following and respond with only the final answer: What is 79 plus 70?,Solve the following and respond with only the final answer: What is 79 plus 62?,149
Solve the following and respond with only the final answer: What is 33 plus 89?,Solve the following and respond with only the final answer: What is 33 plus 77?,122
Solve the following and respond with only the final answer: What is 76 plus 83?,Solve the following and respond with only the final answer: What is 76 plus 27?,159
Solve the following and respond with only the final answer: What is 55 plus 22?,Solve the following and respond with only the final answer: What is 55 plus 61?,77
Solve the following and respond with only the final answer: What is 10 plus 93?,Solve the following and respond with only the final answer: What is 10 plus 91?,103
Solve the following and respond with only the final answer: What is 11 plus 12?,Solve the following and respond with only the final answer: What is 11 plus 55?,23
Solve the following and respond with only the final answer: What is 80 plus 61?,Solve the following and respond with only the final answer: What is 80 plus 63?,141
Solve the following and respond with only the final answer: What is 51 plus 13?,Solve the following and respond with only the final answer: What is 51 plus 65?,64
Solve the following and respond with only the final answer: What is 90 plus 82?,Solve the following and respond with only the final answer: What is 90 plus 79?,172
Solve the following and respond with only the final answer: What is 12 plus 31?,Solve the following and respond with only the final answer: What is 12 plus 40?,43
Solve the following and respond with only the final answer: What is 93 plus 78?,Solve the following and respond with only the final answer: What is 93 plus 69?,171
Solve the following and respond with only the final answer: What is 34 plus 35?,Solve the following and respond with only the final answer: What is 34 plus 63?,69
Solve the following and respond with only the final answer: What is 20 plus 68?,Solve the following and respond with only the final answer: What is 20 plus 96?,88
Solve the following and respond with only the final answer: What is 14 plus 28?,Solve the following and respond with only the final answer: What is 14 plus 34?,42
Solve the following and respond with only the final answer: What is 99 plus 65?,Solve the following and respond with only the final answer: What is 99 plus 11?,164
Solve the following and respond with only the final answer: What is 64 plus 24?,Solve the following and respond with only the final answer: What is 64 plus 35?,88
Solve the following and respond with only the final answer: What is 44 plus 70?,Solve the following and respond with only the final answer: What is 44 plus 44?,114
Solve the following and respond with only the final answer: What is 94 plus 35?,Solve the following and respond with only the final answer: What is 94 plus 54?,129
Solve the following and respond with only the final answer: What is 24 plus 87?,Solve the following and respond with only the final answer: What is 24 plus 45?,111
Solve the following and respond with only the final answer: What is 12 plus 39?,Solve the following and respond with only the final answer: What is 12 plus 37?,51
Solve the following and respond with only the final answer: What is 58 plus 49?,Solve the following and respond with only the final answer: What is 58 plus 10?,107
Solve the following and respond with only the final answer: What is 54 plus 64?,Solve the following and respond with only the final answer: What is 54 plus 89?,118
Solve the following and respond with only the final answer: What is 40 plus 60?,Solve the following and respond with only the final answer: What is 40 plus 66?,100
Solve the following and respond with only the final answer: What is 99 plus 50?,Solve the following and respond with only the final answer: What is 99 plus 51?,149
Solve the following and respond with only the final answer: What is 60 plus 49?,Solve the following and respond with only the final answer: What is 60 plus 85?,109
Solve the following and respond with only the final answer: What is 26 plus 10?,Solve the following and respond with only the final answer: What is 26 plus 93?,36
Solve the following and respond with only the final answer: What is 47 plus 85?,Solve the following and respond with only the final answer: What is 47 plus 80?,132
Solve the following and respond with only the final answer: What is 50 plus 50?,Solve the following and respond with only the final answer: What is 50 plus 99?,100
Solve the following and respond with only the final answer: What is 30 plus 24?,Solve the following and respond with only the final answer: What is 30 plus 67?,54
Solve the following and respond with only the final answer: What is 25 plus 55?,Solve the following and respond with only the final answer: What is 25 plus 82?,80
Solve the following and respond with only the final answer: What is 89 plus 21?,Solve the following and respond with only the final answer: What is 89 plus 73?,110
Solve the following and respond with only the final answer: What is 44 plus 33?,Solve the following and respond with only the final answer: What is 44 plus 63?,77
Solve the following and respond with only the final answer: What is 69 plus 95?,Solve the following and respond with only the final answer: What is 69 plus 65?,164
Solve the following and respond with only the final answer: What is 58 plus 35?,Solve the following and respond with only the final answer: What is 58 plus 19?,93
Solve the following and respond with only the final answer: What is 58 plus 93?,Solve the following and respond with only the final answer: What is 58 plus 34?,151
Solve the following and respond with only the final answer: What is 93 plus 83?,Solve the following and respond with only the final answer: What is 93 plus 45?,176
Solve the following and respond with only the final answer: What is 96 plus 49?,Solve the following and respond with only the final answer: What is 96 plus 20?,145
Solve the following and respond with only the final answer: What is 22 plus 38?,Solve the following and respond with only the final answer: What is 22 plus 34?,60
Solve the following and respond with only the final answer: What is 30 plus 49?,Solve the following and respond with only the final answer: What is 30 plus 98?,79
Solve the following and respond with only the final answer: What is 40 plus 92?,Solve the following and respond with only the final answer: What is 40 plus 54?,132
Solve the following and respond with only the final answer: What is 22 plus 63?,Solve the following and respond with only the final answer: What is 22 plus 42?,85
Solve the following and respond with only the final answer: What is 32 plus 70?,Solve the following and respond with only the final answer: What is 32 plus 21?,102
Solve the following and respond with only the final answer: What is 75 plus 34?,Solve the following and respond with only the final answer: What is 75 plus 45?,109
Solve the following and respond with only the final answer: What is 56 plus 49?,Solve the following and respond with only the final answer: What is 56 plus 72?,105
Solve the following and respond with only the final answer: What is 26 plus 94?,Solve the following and respond with only the final answer: What is 26 plus 29?,120
Solve the following and respond with only the final answer: What is 23 plus 61?,Solve the following and respond with only the final answer: What is 23 plus 71?,84
Solve the following and respond with only the final answer: What is 57 plus 94?,Solve the following and respond with only the final answer: What is 57 plus 71?,151
Solve the following and respond with only the final answer: What is 32 plus 96?,Solve the following and respond with only the final answer: What is 32 plus 21?,128
Solve the following and respond with only the final answer: What is 69 plus 47?,Solve the following and respond with only the final answer: What is 69 plus 10?,116
Solve the following and respond with only the final answer: What is 30 plus 94?,Solve the following and respond with only the final answer: What is 30 plus 64?,124
Solve the following and respond with only the final answer: What is 17 plus 29?,Solve the following and respond with only the final answer: What is 17 plus 93?,46
Solve the following and respond with only the final answer: What is 46 plus 74?,Solve the following and respond with only the final answer: What is 46 plus 10?,120
Solve the following and respond with only the final answer: What is 77 plus 49?,Solve the following and respond with only the final answer: What is 77 plus 45?,126
Solve the following and respond with only the final answer: What is 31 plus 59?,Solve the following and respond with only the final answer: What is 31 plus 53?,90
Solve the following and respond with only the final answer: What is 23 plus 34?,Solve the following and respond with only the final answer: What is 23 plus 32?,57
Solve the following and respond with only the final answer: What is 93 plus 75?,Solve the following and respond with only the final answer: What is 93 plus 67?,168
Solve the following and respond with only the final answer: What is 43 plus 51?,Solve the following and respond with only the final answer: What is 43 plus 65?,94
Solve the following and respond with only the final answer: What is 59 plus 67?,Solve the following and respond with only the final answer: What is 59 plus 56?,126
Solve the following and respond with only the final answer: What is 77 plus 51?,Solve the following and respond with only the final answer: What is 77 plus 21?,128
Solve the following and respond with only the final answer: What is 84 plus 39?,Solve the following and respond with only the final answer: What is 84 plus 84?,123
Solve the following and respond with only the final answer: What is 18 plus 25?,Solve the following and respond with only the final answer: What is 18 plus 17?,43
Solve the following and respond with only the final answer: What is 24 plus 33?,Solve the following and respond with only the final answer: What is 24 plus 90?,57
Solve the following and respond with only the final answer: What is 70 plus 20?,Solve the following and respond with only the final answer: What is 70 plus 52?,90
Solve the following and respond with only the final answer: What is 23 plus 99?,Solve the following and respond with only the final answer: What is 23 plus 33?,122
Solve the following and respond with only the final answer: What is 98 plus 67?,Solve the following and respond with only the final answer: What is 98 plus 37?,165
Solve the following and respond with only the final answer: What is 42 plus 81?,Solve the following and respond with only the final answer: What is 42 plus 91?,123
Solve the following and respond with only the final answer: What is 89 plus 44?,Solve the following and respond with only the final answer: What is 89 plus 82?,133
Solve the following and respond with only the final answer: What is 75 plus 89?,Solve the following and respond with only the final answer: What is 75 plus 87?,164
Solve the following and respond with only the final answer: What is 76 plus 43?,Solve the following and respond with only the final answer: What is 76 plus 54?,119
Solve the following and respond with only the final answer: What is 47 plus 31?,Solve the following and respond with only the final answer: What is 47 plus 51?,78
Solve the following and respond with only the final answer: What is 30 plus 90?,Solve the following and respond with only the final answer: What is 30 plus 32?,120
Solve the following and respond with only the final answer: What is 27 plus 78?,Solve the following and respond with only the final answer: What is 27 plus 20?,105
Solve the following and respond with only the final answer: What is 26 plus 47?,Solve the following and respond with only the final answer: What is 26 plus 65?,73
Solve the following and respond with only the final answer: What is 84 plus 57?,Solve the following and respond with only the final answer: What is 84 plus 62?,141
Solve the following and respond with only the final answer: What is 84 plus 26?,Solve the following and respond with only the final answer: What is 84 plus 40?,110
Solve the following and respond with only the final answer: What is 42 plus 53?,Solve the following and respond with only the final answer: What is 42 plus 13?,95
Solve the following and respond with only the final answer: What is 72 plus 51?,Solve the following and respond with only the final answer: What is 72 plus 73?,123
Solve the following and respond with only the final answer: What is 75 plus 33?,Solve the following and respond with only the final answer: What is 75 plus 65?,108
Solve the following and respond with only the final answer: What is 57 plus 59?,Solve the following and respond with only the final answer: What is 57 plus 22?,116
Solve the following and respond with only the final answer: What is 19 plus 61?,Solve the following and respond with only the final answer: What is 19 plus 20?,80
Solve the following and respond with only the final answer: What is 58 plus 90?,Solve the following and respond with only the final answer: What is 58 plus 66?,148
Solve the following and respond with only the final answer: What is 27 plus 76?,Solve the following and respond with only the final answer: What is 27 plus 35?,103
Solve the following and respond with only the final answer: What is 28 plus 36?,Solve the following and respond with only the final answer: What is 28 plus 65?,64
Solve the following and respond with only the final answer: What is 91 plus 11?,Solve the following and respond with only the final answer: What is 91 plus 82?,102
Solve the following and respond with only the final answer: What is 68 plus 63?,Solve the following and respond with only the final answer: What is 68 plus 38?,131
Solve the following and respond with only the final answer: What is 60 plus 59?,Solve the following and respond with only the final answer: What is 60 plus 67?,119
Solve the following and respond with only the final answer: What is 96 plus 61?,Solve the following and respond with only the final answer: What is 96 plus 16?,157
Solve the following and respond with only the final answer: What is 67 plus 40?,Solve the following and respond with only the final answer: What is 67 plus 97?,107
Solve the following and respond with only the final answer: What is 60 plus 86?,Solve the following and respond with only the final answer: What is 60 plus 39?,146
Solve the following and respond with only the final answer: What is 85 plus 81?,Solve the following and respond with only the final answer: What is 85 plus 56?,166
Solve the following and respond with only the final answer: What is 75 plus 31?,Solve the following and respond with only the final answer: What is 75 plus 97?,106
Solve the following and respond with only the final answer: What is 16 plus 31?,Solve the following and respond with only the final answer: What is 16 plus 95?,47
Solve the following and respond with only the final answer: What is 77 plus 19?,Solve the following and respond with only the final answer: What is 77 plus 63?,96
Solve the following and respond with only the final answer: What is 76 plus 33?,Solve the following and respond with only the final answer: What is 76 plus 14?,109
Solve the following and respond with only the final answer: What is 21 plus 14?,Solve the following and respond with only the final answer: What is 21 plus 98?,35
Solve the following and respond with only the final answer: What is 80 plus 95?,Solve the following and respond with only the final answer: What is 80 plus 31?,175
Solve the following and respond with only the final answer: What is 39 plus 15?,Solve the following and respond with only the final answer: What is 39 plus 16?,54
Solve the following and respond with only the final answer: What is 94 plus 38?,Solve the following and respond with only the final answer: What is 94 plus 80?,132
Solve the following and respond with only the final answer: What is 69 plus 27?,Solve the following and respond with only the final answer: What is 69 plus 40?,96
Solve the following and respond with only the final answer: What is 23 plus 51?,Solve the following and respond with only the final answer: What is 23 plus 93?,74
Solve the following and respond with only the final answer: What is 34 plus 33?,Solve the following and respond with only the final answer: What is 34 plus 51?,67
Solve the following and respond with only the final answer: What is 87 plus 44?,Solve the following and respond with only the final answer: What is 87 plus 11?,131
Solve the following and respond with only the final answer: What is 26 plus 74?,Solve the following and respond with only the final answer: What is 26 plus 12?,100
Solve the following and respond with only the final answer: What is 37 plus 50?,Solve the following and respond with only the final answer: What is 37 plus 60?,87
Solve the following and respond with only the final answer: What is 39 plus 16?,Solve the following and respond with only the final answer: What is 39 plus 13?,55
Solve the following and respond with only the final answer: What is 91 plus 61?,Solve the following and respond with only the final answer: What is 91 plus 12?,152
Solve the following and respond with only the final answer: What is 63 plus 13?,Solve the following and respond with only the final answer: What is 63 plus 73?,76
Solve the following and respond with only the final answer: What is 96 plus 97?,Solve the following and respond with only the final answer: What is 96 plus 20?,193
Solve the following and respond with only the final answer: What is 73 plus 40?,Solve the following and respond with only the final answer: What is 73 plus 87?,113
Solve the following and respond with only the final answer: What is 56 plus 26?,Solve the following and respond with only the final answer: What is 56 plus 64?,82
Solve the following and respond with only the final answer: What is 37 plus 77?,Solve the following and respond with only the final answer: What is 37 plus 93?,114
Solve the following and respond with only the final answer: What is 69 plus 52?,Solve the following and respond with only the final answer: What is 69 plus 58?,121
Solve the following and respond with only the final answer: What is 16 plus 81?,Solve the following and respond with only the final answer: What is 16 plus 40?,97
Solve the following and respond with only the final answer: What is 96 plus 54?,Solve the following and respond with only the final answer: What is 96 plus 37?,150
Solve the following and respond with only the final answer: What is 51 plus 34?,Solve the following and respond with only the final answer: What is 51 plus 82?,85
Solve the following and respond with only the final answer: What is 15 plus 83?,Solve the following and respond with only the final answer: What is 15 plus 90?,98
Solve the following and respond with only the final answer: What is 48 plus 14?,Solve the following and respond with only the final answer: What is 48 plus 82?,62
Solve the following and respond with only the final answer: What is 88 plus 19?,Solve the following and respond with only the final answer: What is 88 plus 61?,107
Solve the following and respond with only the final answer: What is 15 plus 45?,Solve the following and respond with only the final answer: What is 15 plus 42?,60
Solve the following and respond with only the final answer: What is 61 plus 85?,Solve the following and respond with only the final answer: What is 61 plus 21?,146
Solve the following and respond with only the final answer: What is 61 plus 43?,Solve the following and respond with only the final answer: What is 61 plus 92?,104
Solve the following and respond with only the final answer: What is 14 plus 38?,Solve the following and respond with only the final answer: What is 14 plus 29?,52
Solve the following and respond with only the final answer: What is 96 plus 19?,Solve the following and respond with only the final answer: What is 96 plus 60?,115
Solve the following and respond with only the final answer: What is 62 plus 55?,Solve the following and respond with only the final answer: What is 62 plus 54?,117
Solve the following and respond with only the final answer: What is 23 plus 30?,Solve the following and respond with only the final answer: What is 23 plus 77?,53
Solve the following and respond with only the final answer: What is 42 plus 10?,Solve the following and respond with only the final answer: What is 42 plus 44?,52
Solve the following and respond with only the final answer: What is 90 plus 33?,Solve the following and respond with only the final answer: What is 90 plus 96?,123
Solve the following and respond with only the final answer: What is 66 plus 93?,Solve the following and respond with only the final answer: What is 66 plus 82?,159
Solve the following and respond with only the final answer: What is 51 plus 24?,Solve the following and respond with only the final answer: What is 51 plus 53?,75
Solve the following and respond with only the final answer: What is 75 plus 87?,Solve the following and respond with only the final answer: What is 75 plus 80?,162
Solve the following and respond with only the final answer: What is 66 plus 58?,Solve the following and respond with only the final answer: What is 66 plus 12?,124
Solve the following and respond with only the final answer: What is 22 plus 20?,Solve the following and respond with only the final answer: What is 22 plus 19?,42
Solve the following and respond with only the final answer: What is 60 plus 78?,Solve the following and respond with only the final answer: What is 60 plus 16?,138
Solve the following and respond with only the final answer: What is 24 plus 15?,Solve the following and respond with only the final answer: What is 24 plus 75?,39
Solve the following and respond with only the final answer: What is 19 plus 41?,Solve the following and respond with only the final answer: What is 19 plus 30?,60
Solve the following and respond with only the final answer: What is 70 plus 72?,Solve the following and respond with only the final answer: What is 70 plus 99?,142
Solve the following and respond with only the final answer: What is 55 plus 69?,Solve the following and respond with only the final answer: What is 55 plus 63?,124
Solve the following and respond with only the final answer: What is 47 plus 69?,Solve the following and respond with only the final answer: What is 47 plus 24?,116
Solve the following and respond with only the final answer: What is 14 plus 25?,Solve the following and respond with only the final answer: What is 14 plus 30?,39
Solve the following and respond with only the final answer: What is 41 plus 78?,Solve the following and respond with only the final answer: What is 41 plus 50?,119
Solve the following and respond with only the final answer: What is 98 plus 24?,Solve the following and respond with only the final answer: What is 98 plus 57?,122
Solve the following and respond with only the final answer: What is 88 plus 98?,Solve the following and respond with only the final answer: What is 88 plus 19?,186
Solve the following and respond with only the final answer: What is 58 plus 99?,Solve the following and respond with only the final answer: What is 58 plus 12?,157
Solve the following and respond with only the final answer: What is 16 plus 79?,Solve the following and respond with only the final answer: What is 16 plus 79?,95
Solve the following and respond with only the final answer: What is 15 plus 48?,Solve the following and respond with only the final answer: What is 15 plus 85?,63
Solve the following and respond with only the final answer: What is 93 plus 19?,Solve the following and respond with only the final answer: What is 93 plus 87?,112
Solve the following and respond with only the final answer: What is 92 plus 30?,Solve the following and respond with only the final answer: What is 92 plus 44?,122
Solve the following and respond with only the final answer: What is 68 plus 61?,Solve the following and respond with only the final answer: What is 68 plus 44?,129
Solve the following and respond with only the final answer: What is 76 plus 60?,Solve the following and respond with only the final answer: What is 76 plus 74?,136
Solve the following and respond with only the final answer: What is 81 plus 68?,Solve the following and respond with only the final answer: What is 81 plus 55?,149
Solve the following and respond with only the final answer: What is 73 plus 25?,Solve the following and respond with only the final answer: What is 73 plus 48?,98
Solve the following and respond with only the final answer: What is 63 plus 99?,Solve the following and respond with only the final answer: What is 63 plus 99?,162
Solve the following and respond with only the final answer: What is 30 plus 47?,Solve the following and respond with only the final answer: What is 30 plus 29?,77
Solve the following and respond with only the final answer: What is 33 plus 17?,Solve the following and respond with only the final answer: What is 33 plus 54?,50
Solve the following and respond with only the final answer: What is 83 plus 50?,Solve the following and respond with only the final answer: What is 83 plus 91?,133
Solve the following and respond with only the final answer: What is 87 plus 81?,Solve the following and respond with only the final answer: What is 87 plus 15?,168
Solve the following and respond with only the final answer: What is 66 plus 25?,Solve the following and respond with only the final answer: What is 66 plus 58?,91
Solve the following and respond with only the final answer: What is 47 plus 20?,Solve the following and respond with only the final answer: What is 47 plus 52?,67
Solve the following and respond with only the final answer: What is 81 plus 40?,Solve the following and respond with only the final answer: What is 81 plus 29?,121
Solve the following and respond with only the final answer: What is 25 plus 87?,Solve the following and respond with only the final answer: What is 25 plus 84?,112
Solve the following and respond with only the final answer: What is 18 plus 40?,Solve the following and respond with only the final answer: What is 18 plus 46?,58
Solve the following and respond with only the final answer: What is 93 plus 98?,Solve the following and respond with only the final answer: What is 93 plus 50?,191
Solve the following and respond with only the final answer: What is 47 plus 12?,Solve the following and respond with only the final answer: What is 47 plus 78?,59
Solve the following and respond with only the final answer: What is 14 plus 57?,Solve the following and respond with only the final answer: What is 14 plus 98?,71
Solve the following and respond with only the final answer: What is 75 plus 16?,Solve the following and respond with only the final answer: What is 75 plus 99?,91
Solve the following and respond with only the final answer: What is 57 plus 11?,Solve the following and respond with only the final answer: What is 57 plus 36?,68
Solve the following and respond with only the final answer: What is 75 plus 48?,Solve the following and respond with only the final answer: What is 75 plus 97?,123
Solve the following and respond with only the final answer: What is 36 plus 42?,Solve the following and respond with only the final answer: What is 36 plus 42?,78
Solve the following and respond with only the final answer: What is 47 plus 39?,Solve the following and respond with only the final answer: What is 47 plus 99?,86
Solve the following and respond with only the final answer: What is 28 plus 22?,Solve the following and respond with only the final answer: What is 28 plus 51?,50
Solve the following and respond with only the final answer: What is 32 plus 28?,Solve the following and respond with only the final answer: What is 32 plus 98?,60
Solve the following and respond with only the final answer: What is 37 plus 13?,Solve the following and respond with only the final answer: What is 37 plus 49?,50
Solve the following and respond with only the final answer: What is 55 plus 93?,Solve the following and respond with only the final answer: What is 55 plus 28?,148
Solve the following and respond with only the final answer: What is 24 plus 27?,Solve the following and respond with only the final answer: What is 24 plus 57?,51
Solve the following and respond with only the final answer: What is 71 plus 49?,Solve the following and respond with only the final answer: What is 71 plus 93?,120
Solve the following and respond with only the final answer: What is 54 plus 51?,Solve the following and respond with only the final answer: What is 54 plus 55?,105
Solve the following and respond with only the final answer: What is 49 plus 53?,Solve the following and respond with only the final answer: What is 49 plus 18?,102
Solve the following and respond with only the final answer: What is 39 plus 81?,Solve the following and respond with only the final answer: What is 39 plus 59?,120
Solve the following and respond with only the final answer: What is 42 plus 40?,Solve the following and respond with only the final answer: What is 42 plus 70?,82
Solve the following and respond with only the final answer: What is 15 plus 50?,Solve the following and respond with only the final answer: What is 15 plus 49?,65
Solve the following and respond with only the final answer: What is 20 plus 40?,Solve the following and respond with only the final answer: What is 20 plus 17?,60
Solve the following and respond with only the final answer: What is 43 plus 29?,Solve the following and respond with only the final answer: What is 43 plus 92?,72
Solve the following and respond with only the final answer: What is 83 plus 22?,Solve the following and respond with only the final answer: What is 83 plus 91?,105
Solve the following and respond with only the final answer: What is 59 plus 49?,Solve the following and respond with only the final answer: What is 59 plus 48?,108
Solve the following and respond with only the final answer: What is 17 plus 66?,Solve the following and respond with only the final answer: What is 17 plus 64?,83
Solve the following and respond with only the final answer: What is 33 plus 63?,Solve the following and respond with only the final answer: What is 33 plus 60?,96
Solve the following and respond with only the final answer: What is 95 plus 80?,Solve the following and respond with only the final answer: What is 95 plus 58?,175
Solve the following and respond with only the final answer: What is 51 plus 19?,Solve the following and respond with only the final answer: What is 51 plus 53?,70
Solve the following and respond with only the final answer: What is 65 plus 10?,Solve the following and respond with only the final answer: What is 65 plus 74?,75
Solve the following and respond with only the final answer: What is 80 plus 92?,Solve the following and respond with only the final answer: What is 80 plus 63?,172
Solve the following and respond with only the final answer: What is 27 plus 10?,Solve the following and respond with only the final answer: What is 27 plus 37?,37
Solve the following and respond with only the final answer: What is 66 plus 78?,Solve the following and respond with only the final answer: What is 66 plus 59?,144
Solve the following and respond with only the final answer: What is 79 plus 63?,Solve the following and respond with only the final answer: What is 79 plus 42?,142
Solve the following and respond with only the final answer: What is 19 plus 70?,Solve the following and respond with only the final answer: What is 19 plus 29?,89
Solve the following and respond with only the final answer: What is 19 plus 16?,Solve the following and respond with only the final answer: What is 19 plus 77?,35
Solve the following and respond with only the final answer: What is 74 plus 28?,Solve the following and respond with only the final answer: What is 74 plus 39?,102
Solve the following and respond with only the final answer: What is 81 plus 96?,Solve the following and respond with only the final answer: What is 81 plus 84?,177
Solve the following and respond with only the final answer: What is 34 plus 50?,Solve the following and respond with only the final answer: What is 34 plus 86?,84
Solve the following and respond with only the final answer: What is 95 plus 66?,Solve the following and respond with only the final answer: What is 95 plus 11?,161
Solve the following and respond with only the final answer: What is 74 plus 35?,Solve the following and respond with only the final answer: What is 74 plus 36?,109
Solve the following and respond with only the final answer: What is 19 plus 42?,Solve the following and respond with only the final answer: What is 19 plus 72?,61
Solve the following and respond with only the final answer: What is 39 plus 93?,Solve the following and respond with only the final answer: What is 39 plus 45?,132
Solve the following and respond with only the final answer: What is 41 plus 63?,Solve the following and respond with only the final answer: What is 41 plus 40?,104
Solve the following and respond with only the final answer: What is 13 plus 55?,Solve the following and respond with only the final answer: What is 13 plus 19?,68
Solve the following and respond with only the final answer: What is 69 plus 20?,Solve the following and respond with only the final answer: What is 69 plus 59?,89
Solve the following and respond with only the final answer: What is 68 plus 27?,Solve the following and respond with only the final answer: What is 68 plus 11?,95
Solve the following and respond with only the final answer: What is 70 plus 53?,Solve the following and respond with only the final answer: What is 70 plus 34?,123
Solve the following and respond with only the final answer: What is 47 plus 95?,Solve the following and respond with only the final answer: What is 47 plus 95?,142
Solve the following and respond with only the final answer: What is 33 plus 80?,Solve the following and respond with only the final answer: What is 33 plus 83?,113
Solve the following and respond with only the final answer: What is 71 plus 29?,Solve the following and respond with only the final answer: What is 71 plus 98?,100
Solve the following and respond with only the final answer: What is 53 plus 99?,Solve the following and respond with only the final answer: What is 53 plus 41?,152
Solve the following and respond with only the final answer: What is 84 plus 45?,Solve the following and respond with only the final answer: What is 84 plus 99?,129
Solve the following and respond with only the final answer: What is 99 plus 46?,Solve the following and respond with only the final answer: What is 99 plus 17?,145
Solve the following and respond with only the final answer: What is 59 plus 20?,Solve the following and respond with only the final answer: What is 59 plus 69?,79
Solve the following and respond with only the final answer: What is 62 plus 92?,Solve the following and respond with only the final answer: What is 62 plus 92?,154
Solve the following and respond with only the final answer: What is 76 plus 86?,Solve the following and respond with only the final answer: What is 76 plus 63?,162
Solve the following and respond with only the final answer: What is 61 plus 89?,Solve the following and respond with only the final answer: What is 61 plus 34?,150
Solve the following and respond with only the final answer: What is 40 plus 52?,Solve the following and respond with only the final answer: What is 40 plus 37?,92
Solve the following and respond with only the final answer: What is 52 plus 68?,Solve the following and respond with only the final answer: What is 52 plus 63?,120
Solve the following and respond with only the final answer: What is 56 plus 98?,Solve the following and respond with only the final answer: What is 56 plus 76?,154
Solve the following and respond with only the final answer: What is 98 plus 48?,Solve the following and respond with only the final answer: What is 98 plus 44?,146
Solve the following and respond with only the final answer: What is 22 plus 23?,Solve the following and respond with only the final answer: What is 22 plus 95?,45
Solve the following and respond with only the final answer: What is 60 plus 78?,Solve the following and respond with only the final answer: What is 60 plus 72?,138
Solve the following and respond with only the final answer: What is 50 plus 76?,Solve the following and respond with only the final answer: What is 50 plus 29?,126
Solve the following and respond with only the final answer: What is 94 plus 84?,Solve the following and respond with only the final answer: What is 94 plus 50?,178
Solve the following and respond with only the final answer: What is 83 plus 73?,Solve the following and respond with only the final answer: What is 83 plus 84?,156
Solve the following and respond with only the final answer: What is 26 plus 25?,Solve the following and respond with only the final answer: What is 26 plus 28?,51
Solve the following and respond with only the final answer: What is 96 plus 77?,Solve the following and respond with only the final answer: What is 96 plus 74?,173
Solve the following and respond with only the final answer: What is 42 plus 59?,Solve the following and respond with only the final answer: What is 42 plus 91?,101
Solve the following and respond with only the final answer: What is 19 plus 73?,Solve the following and respond with only the final answer: What is 19 plus 44?,92
Solve the following and respond with only the final answer: What is 93 plus 52?,Solve the following and respond with only the final answer: What is 93 plus 40?,145
Solve the following and respond with only the final answer: What is 90 plus 20?,Solve the following and respond with only the final answer: What is 90 plus 53?,110
Solve the following and respond with only the final answer: What is 28 plus 13?,Solve the following and respond with only the final answer: What is 28 plus 78?,41
Solve the following and respond with only the final answer: What is 71 plus 82?,Solve the following and respond with only the final answer: What is 71 plus 64?,153
Solve the following and respond with only the final answer: What is 23 plus 36?,Solve the following and respond with only the final answer: What is 23 plus 75?,59
Solve the following and respond with only the final answer: What is 77 plus 62?,Solve the following and respond with only the final answer: What is 77 plus 88?,139
Solve the following and respond with only the final answer: What is 24 plus 93?,Solve the following and respond with only the final answer: What is 24 plus 77?,117
Solve the following and respond with only the final answer: What is 45 plus 29?,Solve the following and respond with only the final answer: What is 45 plus 25?,74
Solve the following and respond with only the final answer: What is 90 plus 85?,Solve the following and respond with only the final answer: What is 90 plus 56?,175
Solve the following and respond with only the final answer: What is 10 plus 55?,Solve the following and respond with only the final answer: What is 10 plus 22?,65
Solve the following and respond with only the final answer: What is 32 plus 85?,Solve the following and respond with only the final answer: What is 32 plus 58?,117
Solve the following and respond with only the final answer: What is 50 plus 10?,Solve the following and respond with only the final answer: What is 50 plus 24?,60
Solve the following and respond with only the final answer: What is 41 plus 21?,Solve the following and respond with only the final answer: What is 41 plus 26?,62
Solve the following and respond with only the final answer: What is 31 plus 54?,Solve the following and respond with only the final answer: What is 31 plus 25?,85
Solve the following and respond with only the final answer: What is 76 plus 91?,Solve the following and respond with only the final answer: What is 76 plus 63?,167
Solve the following and respond with only the final answer: What is 74 plus 11?,Solve the following and respond with only the final answer: What is 74 plus 36?,85
Solve the following and respond with only the final answer: What is 47 plus 68?,Solve the following and respond with only the final answer: What is 47 plus 97?,115
Solve the following and respond with only the final answer: What is 31 plus 49?,Solve the following and respond with only the final answer: What is 31 plus 68?,80
Solve the following and respond with only the final answer: What is 89 plus 37?,Solve the following and respond with only the final answer: What is 89 plus 95?,126
Solve the following and respond with only the final answer: What is 29 plus 50?,Solve the following and respond with only the final answer: What is 29 plus 37?,79
Solve the following and respond with only the final answer: What is 44 plus 95?,Solve the following and respond with only the final answer: What is 44 plus 12?,139
Solve the following and respond with only the final answer: What is 37 plus 81?,Solve the following and respond with only the final answer: What is 37 plus 48?,118
Solve the following and respond with only the final answer: What is 14 plus 36?,Solve the following and respond with only the final answer: What is 14 plus 97?,50
Solve the following and respond with only the final answer: What is 87 plus 80?,Solve the following and respond with only the final answer: What is 87 plus 70?,167
Solve the following and respond with only the final answer: What is 22 plus 88?,Solve the following and respond with only the final answer: What is 22 plus 91?,110
Solve the following and respond with only the final answer: What is 79 plus 18?,Solve the following and respond with only the final answer: What is 79 plus 32?,97
Solve the following and respond with only the final answer: What is 71 plus 48?,Solve the following and respond with only the final answer: What is 71 plus 15?,119
Solve the following and respond with only the final answer: What is 81 plus 68?,Solve the following and respond with only the final answer: What is 81 plus 91?,149
Solve the following and respond with only the final answer: What is 71 plus 90?,Solve the following and respond with only the final answer: What is 71 plus 92?,161
Solve the following and respond with only the final answer: What is 83 plus 86?,Solve the following and respond with only the final answer: What is 83 plus 68?,169
Solve the following and respond with only the final answer: What is 63 plus 83?,Solve the following and respond with only the final answer: What is 63 plus 54?,146
Solve the following and respond with only the final answer: What is 40 plus 62?,Solve the following and respond with only the final answer: What is 40 plus 14?,102
Solve the following and respond with only the final answer: What is 48 plus 89?,Solve the following and respond with only the final answer: What is 48 plus 32?,137
Solve the following and respond with only the final answer: What is 45 plus 72?,Solve the following and respond with only the final answer: What is 45 plus 35?,117
Solve the following and respond with only the final answer: What is 25 plus 80?,Solve the following and respond with only the final answer: What is 25 plus 24?,105
Solve the following and respond with only the final answer: What is 57 plus 39?,Solve the following and respond with only the final answer: What is 57 plus 38?,96
Solve the following and respond with only the final answer: What is 47 plus 82?,Solve the following and respond with only the final answer: What is 47 plus 22?,129
Solve the following and respond with only the final answer: What is 48 plus 58?,Solve the following and respond with only the final answer: What is 48 plus 52?,106
Solve the following and respond with only the final answer: What is 25 plus 78?,Solve the following and respond with only the final answer: What is 25 plus 65?,103
Solve the following and respond with only the final answer: What is 65 plus 11?,Solve the following and respond with only the final answer: What is 65 plus 78?,76
Solve the following and respond with only the final answer: What is 20 plus 68?,Solve the following and respond with only the final answer: What is 20 plus 27?,88
Solve the following and respond with only the final answer: What is 83 plus 23?,Solve the following and respond with only the final answer: What is 83 plus 66?,106
Solve the following and respond with only the final answer: What is 82 plus 87?,Solve the following and respond with only the final answer: What is 82 plus 49?,169
Solve the following and respond with only the final answer: What is 77 plus 37?,Solve the following and respond with only the final answer: What is 77 plus 15?,114
Solve the following and respond with only the final answer: What is 59 plus 78?,Solve the following and respond with only the final answer: What is 59 plus 59?,137
Solve the following and respond with only the final answer: What is 29 plus 37?,Solve the following and respond with only the final answer: What is 29 plus 76?,66
Solve the following and respond with only the final answer: What is 28 plus 50?,Solve the following and respond with only the final answer: What is 28 plus 11?,78
Solve the following and respond with only the final answer: What is 21 plus 89?,Solve the following and respond with only the final answer: What is 21 plus 80?,110
Solve the following and respond with only the final answer: What is 46 plus 16?,Solve the following and respond with only the final answer: What is 46 plus 84?,62
Solve the following and respond with only the final answer: What is 46 plus 11?,Solve the following and respond with only the final answer: What is 46 plus 81?,57
Solve the following and respond with only the final answer: What is 37 plus 95?,Solve the following and respond with only the final answer: What is 37 plus 45?,132
Solve the following and respond with only the final answer: What is 95 plus 14?,Solve the following and respond with only the final answer: What is 95 plus 49?,109
Solve the following and respond with only the final answer: What is 10 plus 22?,Solve the following and respond with only the final answer: What is 10 plus 77?,32
Solve the following and respond with only the final answer: What is 79 plus 66?,Solve the following and respond with only the final answer: What is 79 plus 33?,145
Solve the following and respond with only the final answer: What is 92 plus 90?,Solve the following and respond with only the final answer: What is 92 plus 44?,182
Solve the following and respond with only the final answer: What is 60 plus 72?,Solve the following and respond with only the final answer: What is 60 plus 40?,132
Solve the following and respond with only the final answer: What is 98 plus 89?,Solve the following and respond with only the final answer: What is 98 plus 49?,187
Solve the following and respond with only the final answer: What is 48 plus 27?,Solve the following and respond with only the final answer: What is 48 plus 25?,75
Solve the following and respond with only the final answer: What is 83 plus 28?,Solve the following and respond with only the final answer: What is 83 plus 19?,111
Solve the following and respond with only the final answer: What is 98 plus 90?,Solve the following and respond with only the final answer: What is 98 plus 64?,188
Solve the following and respond with only the final answer: What is 10 plus 61?,Solve the following and respond with only the final answer: What is 10 plus 25?,71
Solve the following and respond with only the final answer: What is 31 plus 43?,Solve the following and respond with only the final answer: What is 31 plus 91?,74
Solve the following and respond with only the final answer: What is 86 plus 98?,Solve the following and respond with only the final answer: What is 86 plus 90?,184
Solve the following and respond with only the final answer: What is 64 plus 78?,Solve the following and respond with only the final answer: What is 64 plus 69?,142
Solve the following and respond with only the final answer: What is 86 plus 19?,Solve the following and respond with only the final answer: What is 86 plus 66?,105
Solve the following and respond with only the final answer: What is 33 plus 79?,Solve the following and respond with only the final answer: What is 33 plus 26?,112
Solve the following and respond with only the final answer: What is 28 plus 21?,Solve the following and respond with only the final answer: What is 28 plus 42?,49
Solve the following and respond with only the final answer: What is 11 plus 43?,Solve the following and respond with only the final answer: What is 11 plus 79?,54
Solve the following and respond with only the final answer: What is 68 plus 57?,Solve the following and respond with only the final answer: What is 68 plus 36?,125
Solve the following and respond with only the final answer: What is 15 plus 54?,Solve the following and respond with only the final answer: What is 15 plus 89?,69
Solve the following and respond with only the final answer: What is 17 plus 35?,Solve the following and respond with only the final answer: What is 17 plus 35?,52
Solve the following and respond with only the final answer: What is 29 plus 20?,Solve the following and respond with only the final answer: What is 29 plus 35?,49
Solve the following and respond with only the final answer: What is 29 plus 98?,Solve the following and respond with only the final answer: What is 29 plus 97?,127
Solve the following and respond with only the final answer: What is 63 plus 99?,Solve the following and respond with only the final answer: What is 63 plus 71?,162
Solve the following and respond with only the final answer: What is 31 plus 37?,Solve the following and respond with only the final answer: What is 31 plus 74?,68
Solve the following and respond with only the final answer: What is 73 plus 12?,Solve the following and respond with only the final answer: What is 73 plus 36?,85
Solve the following and respond with only the final answer: What is 62 plus 96?,Solve the following and respond with only the final answer: What is 62 plus 29?,158
Solve the following and respond with only the final answer: What is 50 plus 95?,Solve the following and respond with only the final answer: What is 50 plus 81?,145
Solve the following and respond with only the final answer: What is 69 plus 27?,Solve the following and respond with only the final answer: What is 69 plus 60?,96
Solve the following and respond with only the final answer: What is 32 plus 95?,Solve the following and respond with only the final answer: What is 32 plus 77?,127
Solve the following and respond with only the final answer: What is 15 plus 97?,Solve the following and respond with only the final answer: What is 15 plus 36?,112
Solve the following and respond with only the final answer: What is 44 plus 31?,Solve the following and respond with only the final answer: What is 44 plus 78?,75
Solve the following and respond with only the final answer: What is 70 plus 61?,Solve the following and respond with only the final answer: What is 70 plus 27?,131
Solve the following and respond with only the final answer: What is 20 plus 47?,Solve the following and respond with only the final answer: What is 20 plus 50?,67
Solve the following and respond with only the final answer: What is 84 plus 26?,Solve the following and respond with only the final answer: What is 84 plus 83?,110
Solve the following and respond with only the final answer: What is 82 plus 34?,Solve the following and respond with only the final answer: What is 82 plus 54?,116
Solve the following and respond with only the final answer: What is 13 plus 77?,Solve the following and respond with only the final answer: What is 13 plus 29?,90
Solve the following and respond with only the final answer: What is 95 plus 13?,Solve the following and respond with only the final answer: What is 95 plus 85?,108
Solve the following and respond with only the final answer: What is 70 plus 12?,Solve the following and respond with only the final answer: What is 70 plus 16?,82
Solve the following and respond with only the final answer: What is 23 plus 98?,Solve the following and respond with only the final answer: What is 23 plus 65?,121
Solve the following and respond with only the final answer: What is 29 plus 45?,Solve the following and respond with only the final answer: What is 29 plus 87?,74
Solve the following and respond with only the final answer: What is 18 plus 88?,Solve the following and respond with only the final answer: What is 18 plus 55?,106
Solve the following and respond with only the final answer: What is 79 plus 97?,Solve the following and respond with only the final answer: What is 79 plus 48?,176
Solve the following and respond with only the final answer: What is 19 plus 73?,Solve the following and respond with only the final answer: What is 19 plus 39?,92
Solve the following and respond with only the final answer: What is 31 plus 14?,Solve the following and respond with only the final answer: What is 31 plus 17?,45
Solve the following and respond with only the final answer: What is 68 plus 29?,Solve the following and respond with only the final answer: What is 68 plus 16?,97
Solve the following and respond with only the final answer: What is 31 plus 26?,Solve the following and respond with only the final answer: What is 31 plus 97?,57
Solve the following and respond with only the final answer: What is 90 plus 44?,Solve the following and respond with only the final answer: What is 90 plus 43?,134
Solve the following and respond with only the final answer: What is 35 plus 21?,Solve the following and respond with only the final answer: What is 35 plus 84?,56
Solve the following and respond with only the final answer: What is 58 plus 96?,Solve the following and respond with only the final answer: What is 58 plus 59?,154
Solve the following and respond with only the final answer: What is 24 plus 71?,Solve the following and respond with only the final answer: What is 24 plus 22?,95
Solve the following and respond with only the final answer: What is 62 plus 63?,Solve the following and respond with only the final answer: What is 62 plus 67?,125
Solve the following and respond with only the final answer: What is 32 plus 97?,Solve the following and respond with only the final answer: What is 32 plus 11?,129
Solve the following and respond with only the final answer: What is 57 plus 47?,Solve the following and respond with only the final answer: What is 57 plus 17?,104
Solve the following and respond with only the final answer: What is 36 plus 59?,Solve the following and respond with only the final answer: What is 36 plus 79?,95
Solve the following and respond with only the final answer: What is 42 plus 11?,Solve the following and respond with only the final answer: What is 42 plus 64?,53
Solve the following and respond with only the final answer: What is 80 plus 65?,Solve the following and respond with only the final answer: What is 80 plus 72?,145
Solve the following and respond with only the final answer: What is 47 plus 38?,Solve the following and respond with only the final answer: What is 47 plus 18?,85
Solve the following and respond with only the final answer: What is 71 plus 62?,Solve the following and respond with only the final answer: What is 71 plus 18?,133
Solve the following and respond with only the final answer: What is 36 plus 41?,Solve the following and respond with only the final answer: What is 36 plus 10?,77
Solve the following and respond with only the final answer: What is 81 plus 91?,Solve the following and respond with only the final answer: What is 81 plus 69?,172
Solve the following and respond with only the final answer: What is 99 plus 46?,Solve the following and respond with only the final answer: What is 99 plus 94?,145
Solve the following and respond with only the final answer: What is 37 plus 18?,Solve the following and respond with only the final answer: What is 37 plus 49?,55
Solve the following and respond with only the final answer: What is 78 plus 85?,Solve the following and respond with only the final answer: What is 78 plus 98?,163
Solve the following and respond with only the final answer: What is 57 plus 84?,Solve the following and respond with only the final answer: What is 57 plus 43?,141
Solve the following and respond with only the final answer: What is 12 plus 14?,Solve the following and respond with only the final answer: What is 12 plus 20?,26
Solve the following and respond with only the final answer: What is 57 plus 69?,Solve the following and respond with only the final answer: What is 57 plus 51?,126
Solve the following and respond with only the final answer: What is 59 plus 62?,Solve the following and respond with only the final answer: What is 59 plus 97?,121
Solve the following and respond with only the final answer: What is 20 plus 31?,Solve the following and respond with only the final answer: What is 20 plus 24?,51
Solve the following and respond with only the final answer: What is 73 plus 81?,Solve the following and respond with only the final answer: What is 73 plus 67?,154
Solve the following and respond with only the final answer: What is 33 plus 57?,Solve the following and respond with only the final answer: What is 33 plus 31?,90
Solve the following and respond with only the final answer: What is 26 plus 42?,Solve the following and respond with only the final answer: What is 26 plus 38?,68
Solve the following and respond with only the final answer: What is 61 plus 59?,Solve the following and respond with only the final answer: What is 61 plus 57?,120
Solve the following and respond with only the final answer: What is 44 plus 15?,Solve the following and respond with only the final answer: What is 44 plus 58?,59
Solve the following and respond with only the final answer: What is 11 plus 80?,Solve the following and respond with only the final answer: What is 11 plus 79?,91
Solve the following and respond with only the final answer: What is 88 plus 32?,Solve the following and respond with only the final answer: What is 88 plus 56?,120
Solve the following and respond with only the final answer: What is 84 plus 92?,Solve the following and respond with only the final answer: What is 84 plus 14?,176
Solve the following and respond with only the final answer: What is 69 plus 20?,Solve the following and respond with only the final answer: What is 69 plus 84?,89
Solve the following and respond with only the final answer: What is 45 plus 54?,Solve the following and respond with only the final answer: What is 45 plus 26?,99
Solve the following and respond with only the final answer: What is 97 plus 79?,Solve the following and respond with only the final answer: What is 97 plus 39?,176
Solve the following and respond with only the final answer: What is 75 plus 58?,Solve the following and respond with only the final answer: What is 75 plus 68?,133
Solve the following and respond with only the final answer: What is 91 plus 59?,Solve the following and respond with only the final answer: What is 91 plus 90?,150
Solve the following and respond with only the final answer: What is 22 plus 59?,Solve the following and respond with only the final answer: What is 22 plus 22?,81
Solve the following and respond with only the final answer: What is 16 plus 22?,Solve the following and respond with only the final answer: What is 16 plus 83?,38
Solve the following and respond with only the final answer: What is 81 plus 53?,Solve the following and respond with only the final answer: What is 81 plus 52?,134
Solve the following and respond with only the final answer: What is 75 plus 80?,Solve the following and respond with only the final answer: What is 75 plus 77?,155
Solve the following and respond with only the final answer: What is 52 plus 23?,Solve the following and respond with only the final answer: What is 52 plus 10?,75
Solve the following and respond with only the final answer: What is 40 plus 59?,Solve the following and respond with only the final answer: What is 40 plus 40?,99
Solve the following and respond with only the final answer: What is 60 plus 20?,Solve the following and respond with only the final answer: What is 60 plus 30?,80
Solve the following and respond with only the final answer: What is 21 plus 11?,Solve the following and respond with only the final answer: What is 21 plus 11?,32
Solve the following and respond with only the final answer: What is 87 plus 58?,Solve the following and respond with only the final answer: What is 87 plus 30?,145
Solve the following and respond with only the final answer: What is 29 plus 54?,Solve the following and respond with only the final answer: What is 29 plus 10?,83
Solve the following and respond with only the final answer: What is 22 plus 63?,Solve the following and respond with only the final answer: What is 22 plus 16?,85
Solve the following and respond with only the final answer: What is 24 plus 79?,Solve the following and respond with only the final answer: What is 24 plus 57?,103
Solve the following and respond with only the final answer: What is 44 plus 90?,Solve the following and respond with only the final answer: What is 44 plus 30?,134
Solve the following and respond with only the final answer: What is 47 plus 34?,Solve the following and respond with only the final answer: What is 47 plus 20?,81
Solve the following and respond with only the final answer: What is 53 plus 63?,Solve the following and respond with only the final answer: What is 53 plus 85?,116
Solve the following and respond with only the final answer: What is 10 plus 23?,Solve the following and respond with only the final answer: What is 10 plus 66?,33
Solve the following and respond with only the final answer: What is 38 plus 12?,Solve the following and respond with only the final answer: What is 38 plus 94?,50
Solve the following and respond with only the final answer: What is 30 plus 14?,Solve the following and respond with only the final answer: What is 30 plus 41?,44
Solve the following and respond with only the final answer: What is 85 plus 66?,Solve the following and respond with only the final answer: What is 85 plus 47?,151
Solve the following and respond with only the final answer: What is 27 plus 73?,Solve the following and respond with only the final answer: What is 27 plus 13?,100
Solve the following and respond with only the final answer: What is 47 plus 29?,Solve the following and respond with only the final answer: What is 47 plus 44?,76
Solve the following and respond with only the final answer: What is 26 plus 59?,Solve the following and respond with only the final answer: What is 26 plus 28?,85
Solve the following and respond with only the final answer: What is 34 plus 52?,Solve the following and respond with only the final answer: What is 34 plus 66?,86
Solve the following and respond with only the final answer: What is 49 plus 77?,Solve the following and respond with only the final answer: What is 49 plus 74?,126
Solve the following and respond with only the final answer: What is 63 plus 49?,Solve the following and respond with only the final answer: What is 63 plus 63?,112
Solve the following and respond with only the final answer: What is 72 plus 85?,Solve the following and respond with only the final answer: What is 72 plus 37?,157
Solve the following and respond with only the final answer: What is 48 plus 83?,Solve the following and respond with only the final answer: What is 48 plus 63?,131
Solve the following and respond with only the final answer: What is 32 plus 93?,Solve the following and respond with only the final answer: What is 32 plus 83?,125
Solve the following and respond with only the final answer: What is 46 plus 35?,Solve the following and respond with only the final answer: What is 46 plus 44?,81
Solve the following and respond with only the final answer: What is 77 plus 62?,Solve the following and respond with only the final answer: What is 77 plus 85?,139
Solve the following and respond with only the final answer: What is 11 plus 20?,Solve the following and respond with only the final answer: What is 11 plus 71?,31
Solve the following and respond with only the final answer: What is 73 plus 39?,Solve the following and respond with only the final answer: What is 73 plus 59?,112
Solve the following and respond with only the final answer: What is 55 plus 32?,Solve the following and respond with only the final answer: What is 55 plus 23?,87
Solve the following and respond with only the final answer: What is 88 plus 83?,Solve the following and respond with only the final answer: What is 88 plus 56?,171
Solve the following and respond with only the final answer: What is 95 plus 35?,Solve the following and respond with only the final answer: What is 95 plus 13?,130
Solve the following and respond with only the final answer: What is 14 plus 44?,Solve the following and respond with only the final answer: What is 14 plus 78?,58
Solve the following and respond with only the final answer: What is 46 plus 64?,Solve the following and respond with only the final answer: What is 46 plus 84?,110
Solve the following and respond with only the final answer: What is 80 plus 62?,Solve the following and respond with only the final answer: What is 80 plus 37?,142
Solve the following and respond with only the final answer: What is 40 plus 46?,Solve the following and respond with only the final answer: What is 40 plus 71?,86
Solve the following and respond with only the final answer: What is 97 plus 51?,Solve the following and respond with only the final answer: What is 97 plus 76?,148
Solve the following and respond with only the final answer: What is 71 plus 48?,Solve the following and respond with only the final answer: What is 71 plus 69?,119
Solve the following and respond with only the final answer: What is 41 plus 90?,Solve the following and respond with only the final answer: What is 41 plus 83?,131
Solve the following and respond with only the final answer: What is 28 plus 85?,Solve the following and respond with only the final answer: What is 28 plus 64?,113
Solve the following and respond with only the final answer: What is 30 plus 97?,Solve the following and respond with only the final answer: What is 30 plus 61?,127
Solve the following and respond with only the final answer: What is 67 plus 68?,Solve the following and respond with only the final answer: What is 67 plus 35?,135
Solve the following and respond with only the final answer: What is 55 plus 11?,Solve the following and respond with only the final answer: What is 55 plus 36?,66
Solve the following and respond with only the final answer: What is 90 plus 38?,Solve the following and respond with only the final answer: What is 90 plus 36?,128
Solve the following and respond with only the final answer: What is 53 plus 72?,Solve the following and respond with only the final answer: What is 53 plus 64?,125
Solve the following and respond with only the final answer: What is 16 plus 10?,Solve the following and respond with only the final answer: What is 16 plus 76?,26
Solve the following and respond with only the final answer: What is 50 plus 60?,Solve the following and respond with only the final answer: What is 50 plus 95?,110
Solve the following and respond with only the final answer: What is 62 plus 82?,Solve the following and respond with only the final answer: What is 62 plus 66?,144
Solve the following and respond with only the final answer: What is 82 plus 47?,Solve the following and respond with only the final answer: What is 82 plus 10?,129
Solve the following and respond with only the final answer: What is 98 plus 48?,Solve the following and respond with only the final answer: What is 98 plus 33?,146
Solve the following and respond with only the final answer: What is 72 plus 13?,Solve the following and respond with only the final answer: What is 72 plus 55?,85
Solve the following and respond with only the final answer: What is 48 plus 74?,Solve the following and respond with only the final answer: What is 48 plus 10?,122
Solve the following and respond with only the final answer: What is 99 plus 33?,Solve the following and respond with only the final answer: What is 99 plus 83?,132
Solve the following and respond with only the final answer: What is 47 plus 14?,Solve the following and respond with only the final answer: What is 47 plus 24?,61
Solve the following and respond with only the final answer: What is 98 plus 13?,Solve the following and respond with only the final answer: What is 98 plus 57?,111
Solve the following and respond with only the final answer: What is 80 plus 21?,Solve the following and respond with only the final answer: What is 80 plus 55?,101
Solve the following and respond with only the final answer: What is 74 plus 12?,Solve the following and respond with only the final answer: What is 74 plus 10?,86
Solve the following and respond with only the final answer: What is 59 plus 34?,Solve the following and respond with only the final answer: What is 59 plus 75?,93
Solve the following and respond with only the final answer: What is 59 plus 26?,Solve the following and respond with only the final answer: What is 59 plus 68?,85
Solve the following and respond with only the final answer: What is 40 plus 93?,Solve the following and respond with only the final answer: What is 40 plus 50?,133
Solve the following and respond with only the final answer: What is 47 plus 87?,Solve the following and respond with only the final answer: What is 47 plus 18?,134
Solve the following and respond with only the final answer: What is 53 plus 47?,Solve the following and respond with only the final answer: What is 53 plus 96?,100
Solve the following and respond with only the final answer: What is 95 plus 13?,Solve the following and respond with only the final answer: What is 95 plus 65?,108
Solve the following and respond with only the final answer: What is 14 plus 43?,Solve the following and respond with only the final answer: What is 14 plus 79?,57
Solve the following and respond with only the final answer: What is 76 plus 91?,Solve the following and respond with only the final answer: What is 76 plus 55?,167
Solve the following and respond with only the final answer: What is 28 plus 29?,Solve the following and respond with only the final answer: What is 28 plus 93?,57
Solve the following and respond with only the final answer: What is 58 plus 88?,Solve the following and respond with only the final answer: What is 58 plus 60?,146
Solve the following and respond with only the final answer: What is 23 plus 69?,Solve the following and respond with only the final answer: What is 23 plus 12?,92
Solve the following and respond with only the final answer: What is 16 plus 99?,Solve the following and respond with only the final answer: What is 16 plus 13?,115
Solve the following and respond with only the final answer: What is 98 plus 20?,Solve the following and respond with only the final answer: What is 98 plus 81?,118
Solve the following and respond with only the final answer: What is 42 plus 36?,Solve the following and respond with only the final answer: What is 42 plus 76?,78
Solve the following and respond with only the final answer: What is 90 plus 52?,Solve the following and respond with only the final answer: What is 90 plus 93?,142
Solve the following and respond with only the final answer: What is 69 plus 91?,Solve the following and respond with only the final answer: What is 69 plus 88?,160
Solve the following and respond with only the final answer: What is 63 plus 65?,Solve the following and respond with only the final answer: What is 63 plus 35?,128
Solve the following and respond with only the final answer: What is 37 plus 10?,Solve the following and respond with only the final answer: What is 37 plus 33?,47
Solve the following and respond with only the final answer: What is 49 plus 43?,Solve the following and respond with only the final answer: What is 49 plus 98?,92
Solve the following and respond with only the final answer: What is 54 plus 91?,Solve the following and respond with only the final answer: What is 54 plus 63?,145
Solve the following and respond with only the final answer: What is 36 plus 90?,Solve the following and respond with only the final answer: What is 36 plus 21?,126
Solve the following and respond with only the final answer: What is 94 plus 77?,Solve the following and respond with only the final answer: What is 94 plus 14?,171
Solve the following and respond with only the final answer: What is 91 plus 17?,Solve the following and respond with only the final answer: What is 91 plus 27?,108
Solve the following and respond with only the final answer: What is 92 plus 61?,Solve the following and respond with only the final answer: What is 92 plus 77?,153
Solve the following and respond with only the final answer: What is 33 plus 82?,Solve the following and respond with only the final answer: What is 33 plus 63?,115
Solve the following and respond with only the final answer: What is 42 plus 81?,Solve the following and respond with only the final answer: What is 42 plus 47?,123
Solve the following and respond with only the final answer: What is 86 plus 31?,Solve the following and respond with only the final answer: What is 86 plus 48?,117
Solve the following and respond with only the final answer: What is 22 plus 35?,Solve the following and respond with only the final answer: What is 22 plus 32?,57
Solve the following and respond with only the final answer: What is 96 plus 59?,Solve the following and respond with only the final answer: What is 96 plus 97?,155
Solve the following and respond with only the final answer: What is 80 plus 63?,Solve the following and respond with only the final answer: What is 80 plus 88?,143
Solve the following and respond with only the final answer: What is 37 plus 26?,Solve the following and respond with only the final answer: What is 37 plus 49?,63
Solve the following and respond with only the final answer: What is 34 plus 88?,Solve the following and respond with only the final answer: What is 34 plus 15?,122
Solve the following and respond with only the final answer: What is 39 plus 94?,Solve the following and respond with only the final answer: What is 39 plus 84?,133
Solve the following and respond with only the final answer: What is 61 plus 11?,Solve the following and respond with only the final answer: What is 61 plus 75?,72
Solve the following and respond with only the final answer: What is 84 plus 26?,Solve the following and respond with only the final answer: What is 84 plus 92?,110
Solve the following and respond with only the final answer: What is 96 plus 10?,Solve the following and respond with only the final answer: What is 96 plus 93?,106
Solve the following and respond with only the final answer: What is 82 plus 70?,Solve the following and respond with only the final answer: What is 82 plus 82?,152
Solve the following and respond with only the final answer: What is 38 plus 37?,Solve the following and respond with only the final answer: What is 38 plus 18?,75
Solve the following and respond with only the final answer: What is 53 plus 47?,Solve the following and respond with only the final answer: What is 53 plus 20?,100
Solve the following and respond with only the final answer: What is 27 plus 41?,Solve the following and respond with only the final answer: What is 27 plus 15?,68
Solve the following and respond with only the final answer: What is 80 plus 44?,Solve the following and respond with only the final answer: What is 80 plus 90?,124
Solve the following and respond with only the final answer: What is 75 plus 55?,Solve the following and respond with only the final answer: What is 75 plus 53?,130
Solve the following and respond with only the final answer: What is 81 plus 36?,Solve the following and respond with only the final answer: What is 81 plus 13?,117
Solve the following and respond with only the final answer: What is 14 plus 69?,Solve the following and respond with only the final answer: What is 14 plus 48?,83
Solve the following and respond with only the final answer: What is 58 plus 27?,Solve the following and respond with only the final answer: What is 58 plus 98?,85
Solve the following and respond with only the final answer: What is 73 plus 39?,Solve the following and respond with only the final answer: What is 73 plus 35?,112
Solve the following and respond with only the final answer: What is 63 plus 37?,Solve the following and respond with only the final answer: What is 63 plus 84?,100
Solve the following and respond with only the final answer: What is 39 plus 82?,Solve the following and respond with only the final answer: What is 39 plus 34?,121
Solve the following and respond with only the final answer: What is 97 plus 89?,Solve the following and respond with only the final answer: What is 97 plus 11?,186
Solve the following and respond with only the final answer: What is 99 plus 29?,Solve the following and respond with only the final answer: What is 99 plus 40?,128
Solve the following and respond with only the final answer: What is 18 plus 97?,Solve the following and respond with only the final answer: What is 18 plus 37?,115
Solve the following and respond with only the final answer: What is 22 plus 14?,Solve the following and respond with only the final answer: What is 22 plus 68?,36
Solve the following and respond with only the final answer: What is 39 plus 75?,Solve the following and respond with only the final answer: What is 39 plus 58?,114
Solve the following and respond with only the final answer: What is 95 plus 81?,Solve the following and respond with only the final answer: What is 95 plus 44?,176
Solve the following and respond with only the final answer: What is 92 plus 20?,Solve the following and respond with only the final answer: What is 92 plus 69?,112
Solve the following and respond with only the final answer: What is 40 plus 93?,Solve the following and respond with only the final answer: What is 40 plus 80?,133
Solve the following and respond with only the final answer: What is 75 plus 38?,Solve the following and respond with only the final answer: What is 75 plus 39?,113
Solve the following and respond with only the final answer: What is 11 plus 30?,Solve the following and respond with only the final answer: What is 11 plus 99?,41
Solve the following and respond with only the final answer: What is 73 plus 77?,Solve the following and respond with only the final answer: What is 73 plus 12?,150
Solve the following and respond with only the final answer: What is 79 plus 43?,Solve the following and respond with only the final answer: What is 79 plus 62?,122
Solve the following and respond with only the final answer: What is 24 plus 34?,Solve the following and respond with only the final answer: What is 24 plus 81?,58
Solve the following and respond with only the final answer: What is 49 plus 78?,Solve the following and respond with only the final answer: What is 49 plus 34?,127
Solve the following and respond with only the final answer: What is 93 plus 91?,Solve the following and respond with only the final answer: What is 93 plus 97?,184
Solve the following and respond with only the final answer: What is 86 plus 72?,Solve the following and respond with only the final answer: What is 86 plus 49?,158
Solve the following and respond with only the final answer: What is 67 plus 71?,Solve the following and respond with only the final answer: What is 67 plus 13?,138
Solve the following and respond with only the final answer: What is 55 plus 53?,Solve the following and respond with only the final answer: What is 55 plus 13?,108
Solve the following and respond with only the final answer: What is 71 plus 11?,Solve the following and respond with only the final answer: What is 71 plus 32?,82
Solve the following and respond with only the final answer: What is 59 plus 15?,Solve the following and respond with only the final answer: What is 59 plus 56?,74
Solve the following and respond with only the final answer: What is 18 plus 87?,Solve the following and respond with only the final answer: What is 18 plus 10?,105
Solve the following and respond with only the final answer: What is 18 plus 28?,Solve the following and respond with only the final answer: What is 18 plus 75?,46
Solve the following and respond with only the final answer: What is 90 plus 90?,Solve the following and respond with only the final answer: What is 90 plus 92?,180
Solve the following and respond with only the final answer: What is 50 plus 39?,Solve the following and respond with only the final answer: What is 50 plus 48?,89
Solve the following and respond with only the final answer: What is 63 plus 35?,Solve the following and respond with only the final answer: What is 63 plus 61?,98
Solve the following and respond with only the final answer: What is 60 plus 27?,Solve the following and respond with only the final answer: What is 60 plus 27?,87
Solve the following and respond with only the final answer: What is 53 plus 27?,Solve the following and respond with only the final answer: What is 53 plus 51?,80
Solve the following and respond with only the final answer: What is 70 plus 33?,Solve the following and respond with only the final answer: What is 70 plus 75?,103
Solve the following and respond with only the final answer: What is 44 plus 85?,Solve the following and respond with only the final answer: What is 44 plus 25?,129
Solve the following and respond with only the final answer: What is 46 plus 59?,Solve the following and respond with only the final answer: What is 46 plus 95?,105
Solve the following and respond with only the final answer: What is 92 plus 84?,Solve the following and respond with only the final answer: What is 92 plus 66?,176
Solve the following and respond with only the final answer: What is 51 plus 96?,Solve the following and respond with only the final answer: What is 51 plus 40?,147
Solve the following and respond with only the final answer: What is 78 plus 81?,Solve the following and respond with only the final answer: What is 78 plus 99?,159
Solve the following and respond with only the final answer: What is 24 plus 55?,Solve the following and respond with only the final answer: What is 24 plus 11?,79
Solve the following and respond with only the final answer: What is 14 plus 84?,Solve the following and respond with only the final answer: What is 14 plus 20?,98
Solve the following and respond with only the final answer: What is 67 plus 28?,Solve the following and respond with only the final answer: What is 67 plus 62?,95
Solve the following and respond with only the final answer: What is 89 plus 34?,Solve the following and respond with only the final answer: What is 89 plus 58?,123
Solve the following and respond with only the final answer: What is 20 plus 95?,Solve the following and respond with only the final answer: What is 20 plus 43?,115
Solve the following and respond with only the final answer: What is 96 plus 40?,Solve the following and respond with only the final answer: What is 96 plus 26?,136
Solve the following and respond with only the final answer: What is 21 plus 79?,Solve the following and respond with only the final answer: What is 21 plus 91?,100
Solve the following and respond with only the final answer: What is 47 plus 21?,Solve the following and respond with only the final answer: What is 47 plus 97?,68
Solve the following and respond with only the final answer: What is 24 plus 97?,Solve the following and respond with only the final answer: What is 24 plus 85?,121
Solve the following and respond with only the final answer: What is 44 plus 22?,Solve the following and respond with only the final answer: What is 44 plus 48?,66
Solve the following and respond with only the final answer: What is 83 plus 56?,Solve the following and respond with only the final answer: What is 83 plus 89?,139
Solve the following and respond with only the final answer: What is 69 plus 41?,Solve the following and respond with only the final answer: What is 69 plus 18?,110
Solve the following and respond with only the final answer: What is 16 plus 66?,Solve the following and respond with only the final answer: What is 16 plus 85?,82
Solve the following and respond with only the final answer: What is 93 plus 97?,Solve the following and respond with only the final answer: What is 93 plus 51?,190
Solve the following and respond with only the final answer: What is 55 plus 22?,Solve the following and respond with only the final answer: What is 55 plus 23?,77
Solve the following and respond with only the final answer: What is 57 plus 78?,Solve the following and respond with only the final answer: What is 57 plus 16?,135
Solve the following and respond with only the final answer: What is 71 plus 50?,Solve the following and respond with only the final answer: What is 71 plus 33?,121
Solve the following and respond with only the final answer: What is 99 plus 77?,Solve the following and respond with only the final answer: What is 99 plus 94?,176
Solve the following and respond with only the final answer: What is 60 plus 20?,Solve the following and respond with only the final answer: What is 60 plus 81?,80
Solve the following and respond with only the final answer: What is 47 plus 91?,Solve the following and respond with only the final answer: What is 47 plus 80?,138
Solve the following and respond with only the final answer: What is 78 plus 97?,Solve the following and respond with only the final answer: What is 78 plus 90?,175
Solve the following and respond with only the final answer: What is 20 plus 62?,Solve the following and respond with only the final answer: What is 20 plus 99?,82
Solve the following and respond with only the final answer: What is 50 plus 78?,Solve the following and respond with only the final answer: What is 50 plus 67?,128
Solve the following and respond with only the final answer: What is 20 plus 87?,Solve the following and respond with only the final answer: What is 20 plus 72?,107
Solve the following and respond with only the final answer: What is 89 plus 26?,Solve the following and respond with only the final answer: What is 89 plus 56?,115
Solve the following and respond with only the final answer: What is 38 plus 54?,Solve the following and respond with only the final answer: What is 38 plus 82?,92
Solve the following and respond with only the final answer: What is 17 plus 10?,Solve the following and respond with only the final answer: What is 17 plus 92?,27
Solve the following and respond with only the final answer: What is 28 plus 18?,Solve the following and respond with only the final answer: What is 28 plus 95?,46
Solve the following and respond with only the final answer: What is 59 plus 82?,Solve the following and respond with only the final answer: What is 59 plus 17?,141
Solve the following and respond with only the final answer: What is 58 plus 42?,Solve the following and respond with only the final answer: What is 58 plus 72?,100
Solve the following and respond with only the final answer: What is 13 plus 85?,Solve the following and respond with only the final answer: What is 13 plus 96?,98
Solve the following and respond with only the final answer: What is 58 plus 25?,Solve the following and respond with only the final answer: What is 58 plus 61?,83
Solve the following and respond with only the final answer: What is 31 plus 37?,Solve the following and respond with only the final answer: What is 31 plus 71?,68
Solve the following and respond with only the final answer: What is 36 plus 68?,Solve the following and respond with only the final answer: What is 36 plus 75?,104
Solve the following and respond with only the final answer: What is 32 plus 90?,Solve the following and respond with only the final answer: What is 32 plus 17?,122
Solve the following and respond with only the final answer: What is 89 plus 63?,Solve the following and respond with only the final answer: What is 89 plus 91?,152
Solve the following and respond with only the final answer: What is 14 plus 22?,Solve the following and respond with only the final answer: What is 14 plus 17?,36
Solve the following and respond with only the final answer: What is 42 plus 15?,Solve the following and respond with only the final answer: What is 42 plus 65?,57
Solve the following and respond with only the final answer: What is 95 plus 75?,Solve the following and respond with only the final answer: What is 95 plus 58?,170
Solve the following and respond with only the final answer: What is 34 plus 48?,Solve the following and respond with only the final answer: What is 34 plus 10?,82
Solve the following and respond with only the final answer: What is 13 plus 33?,Solve the following and respond with only the final answer: What is 13 plus 42?,46
Solve the following and respond with only the final answer: What is 99 plus 30?,Solve the following and respond with only the final answer: What is 99 plus 74?,129
Solve the following and respond with only the final answer: What is 77 plus 68?,Solve the following and respond with only the final answer: What is 77 plus 52?,145
Solve the following and respond with only the final answer: What is 70 plus 68?,Solve the following and respond with only the final answer: What is 70 plus 28?,138
Solve the following and respond with only the final answer: What is 72 plus 73?,Solve the following and respond with only the final answer: What is 72 plus 55?,145
Solve the following and respond with only the final answer: What is 40 plus 24?,Solve the following and respond with only the final answer: What is 40 plus 65?,64
Solve the following and respond with only the final answer: What is 19 plus 83?,Solve the following and respond with only the final answer: What is 19 plus 30?,102
Solve the following and respond with only the final answer: What is 74 plus 92?,Solve the following and respond with only the final answer: What is 74 plus 63?,166
Solve the following and respond with only the final answer: What is 54 plus 88?,Solve the following and respond with only the final answer: What is 54 plus 56?,142
Solve the following and respond with only the final answer: What is 86 plus 25?,Solve the following and respond with only the final answer: What is 86 plus 63?,111
Solve the following and respond with only the final answer: What is 55 plus 69?,Solve the following and respond with only the final answer: What is 55 plus 90?,124
Solve the following and respond with only the final answer: What is 52 plus 63?,Solve the following and respond with only the final answer: What is 52 plus 34?,115
Solve the following and respond with only the final answer: What is 60 plus 25?,Solve the following and respond with only the final answer: What is 60 plus 82?,85
Solve the following and respond with only the final answer: What is 50 plus 89?,Solve the following and respond with only the final answer: What is 50 plus 36?,139
Solve the following and respond with only the final answer: What is 50 plus 88?,Solve the following and respond with only the final answer: What is 50 plus 84?,138
Solve the following and respond with only the final answer: What is 86 plus 97?,Solve the following and respond with only the final answer: What is 86 plus 43?,183
Solve the following and respond with only the final answer: What is 48 plus 80?,Solve the following and respond with only the final answer: What is 48 plus 40?,128
Solve the following and respond with only the final answer: What is 53 plus 69?,Solve the following and respond with only the final answer: What is 53 plus 89?,122
Solve the following and respond with only the final answer: What is 62 plus 53?,Solve the following and respond with only the final answer: What is 62 plus 65?,115
Solve the following and respond with only the final answer: What is 32 plus 56?,Solve the following and respond with only the final answer: What is 32 plus 78?,88
Solve the following and respond with only the final answer: What is 60 plus 57?,Solve the following and respond with only the final answer: What is 60 plus 70?,117
Solve the following and respond with only the final answer: What is 29 plus 17?,Solve the following and respond with only the final answer: What is 29 plus 42?,46
Solve the following and respond with only the final answer: What is 16 plus 29?,Solve the following and respond with only the final answer: What is 16 plus 54?,45
Solve the following and respond with only the final answer: What is 15 plus 26?,Solve the following and respond with only the final answer: What is 15 plus 51?,41
Solve the following and respond with only the final answer: What is 21 plus 55?,Solve the following and respond with only the final answer: What is 21 plus 55?,76
Solve the following and respond with only the final answer: What is 40 plus 78?,Solve the following and respond with only the final answer: What is 40 plus 77?,118
Solve the following and respond with only the final answer: What is 70 plus 49?,Solve the following and respond with only the final answer: What is 70 plus 60?,119
Solve the following and respond with only the final answer: What is 50 plus 25?,Solve the following and respond with only the final answer: What is 50 plus 16?,75
Solve the following and respond with only the final answer: What is 23 plus 58?,Solve the following and respond with only the final answer: What is 23 plus 80?,81
Solve the following and respond with only the final answer: What is 56 plus 99?,Solve the following and respond with only the final answer: What is 56 plus 90?,155
Solve the following and respond with only the final answer: What is 73 plus 55?,Solve the following and respond with only the final answer: What is 73 plus 42?,128
Solve the following and respond with only the final answer: What is 57 plus 13?,Solve the following and respond with only the final answer: What is 57 plus 18?,70
Solve the following and respond with only the final answer: What is 20 plus 86?,Solve the following and respond with only the final answer: What is 20 plus 38?,106
Solve the following and respond with only the final answer: What is 59 plus 51?,Solve the following and respond with only the final answer: What is 59 plus 47?,110
Solve the following and respond with only the final answer: What is 40 plus 74?,Solve the following and respond with only the final answer: What is 40 plus 30?,114
Solve the following and respond with only the final answer: What is 58 plus 57?,Solve the following and respond with only the final answer: What is 58 plus 99?,115
Solve the following and respond with only the final answer: What is 75 plus 81?,Solve the following and respond with only the final answer: What is 75 plus 57?,156
Solve the following and respond with only the final answer: What is 46 plus 33?,Solve the following and respond with only the final answer: What is 46 plus 87?,79
Solve the following and respond with only the final answer: What is 26 plus 14?,Solve the following and respond with only the final answer: What is 26 plus 14?,40
Solve the following and respond with only the final answer: What is 12 plus 43?,Solve the following and respond with only the final answer: What is 12 plus 33?,55
Solve the following and respond with only the final answer: What is 67 plus 40?,Solve the following and respond with only the final answer: What is 67 plus 37?,107
Solve the following and respond with only the final answer: What is 85 plus 32?,Solve the following and respond with only the final answer: What is 85 plus 15?,117
Solve the following and respond with only the final answer: What is 65 plus 71?,Solve the following and respond with only the final answer: What is 65 plus 61?,136
Solve the following and respond with only the final answer: What is 64 plus 85?,Solve the following and respond with only the final answer: What is 64 plus 35?,149
Solve the following and respond with only the final answer: What is 61 plus 77?,Solve the following and respond with only the final answer: What is 61 plus 67?,138
Solve the following and respond with only the final answer: What is 39 plus 77?,Solve the following and respond with only the final answer: What is 39 plus 66?,116
Solve the following and respond with only the final answer: What is 29 plus 25?,Solve the following and respond with only the final answer: What is 29 plus 36?,54
Solve the following and respond with only the final answer: What is 33 plus 67?,Solve the following and respond with only the final answer: What is 33 plus 43?,100
Solve the following and respond with only the final answer: What is 16 plus 84?,Solve the following and respond with only the final answer: What is 16 plus 97?,100
Solve the following and respond with only the final answer: What is 11 plus 67?,Solve the following and respond with only the final answer: What is 11 plus 66?,78
Solve the following and respond with only the final answer: What is 32 plus 77?,Solve the following and respond with only the final answer: What is 32 plus 35?,109
Solve the following and respond with only the final answer: What is 25 plus 23?,Solve the following and respond with only the final answer: What is 25 plus 71?,48
Solve the following and respond with only the final answer: What is 24 plus 28?,Solve the following and respond with only the final answer: What is 24 plus 20?,52
Solve the following and respond with only the final answer: What is 32 plus 87?,Solve the following and respond with only the final answer: What is 32 plus 43?,119
Solve the following and respond with only the final answer: What is 88 plus 90?,Solve the following and respond with only the final answer: What is 88 plus 35?,178
Solve the following and respond with only the final answer: What is 93 plus 97?,Solve the following and respond with only the final answer: What is 93 plus 89?,190
Solve the following and respond with only the final answer: What is 13 plus 74?,Solve the following and respond with only the final answer: What is 13 plus 80?,87
Solve the following and respond with only the final answer: What is 89 plus 71?,Solve the following and respond with only the final answer: What is 89 plus 39?,160
Solve the following and respond with only the final answer: What is 88 plus 56?,Solve the following and respond with only the final answer: What is 88 plus 88?,144
Solve the following and respond with only the final answer: What is 35 plus 62?,Solve the following and respond with only the final answer: What is 35 plus 63?,97
Solve the following and respond with only the final answer: What is 37 plus 35?,Solve the following and respond with only the final answer: What is 37 plus 18?,72
Solve the following and respond with only the final answer: What is 93 plus 67?,Solve the following and respond with only the final answer: What is 93 plus 80?,160
Solve the following and respond with only the final answer: What is 94 plus 52?,Solve the following and respond with only the final answer: What is 94 plus 21?,146
Solve the following and respond with only the final answer: What is 68 plus 85?,Solve the following and respond with only the final answer: What is 68 plus 51?,153
Solve the following and respond with only the final answer: What is 34 plus 37?,Solve the following and respond with only the final answer: What is 34 plus 41?,71
Solve the following and respond with only the final answer: What is 23 plus 73?,Solve the following and respond with only the final answer: What is 23 plus 49?,96
Solve the following and respond with only the final answer: What is 73 plus 23?,Solve the following and respond with only the final answer: What is 73 plus 34?,96
Solve the following and respond with only the final answer: What is 48 plus 96?,Solve the following and respond with only the final answer: What is 48 plus 37?,144
Solve the following and respond with only the final answer: What is 64 plus 51?,Solve the following and respond with only the final answer: What is 64 plus 73?,115
Solve the following and respond with only the final answer: What is 96 plus 32?,Solve the following and respond with only the final answer: What is 96 plus 95?,128
Solve the following and respond with only the final answer: What is 57 plus 73?,Solve the following and respond with only the final answer: What is 57 plus 15?,130
Solve the following and respond with only the final answer: What is 72 plus 92?,Solve the following and respond with only the final answer: What is 72 plus 17?,164
Solve the following and respond with only the final answer: What is 36 plus 77?,Solve the following and respond with only the final answer: What is 36 plus 65?,113
Solve the following and respond with only the final answer: What is 63 plus 20?,Solve the following and respond with only the final answer: What is 63 plus 75?,83
Solve the following and respond with only the final answer: What is 33 plus 89?,Solve the following and respond with only the final answer: What is 33 plus 50?,122
Solve the following and respond with only the final answer: What is 17 plus 18?,Solve the following and respond with only the final answer: What is 17 plus 94?,35
Solve the following and respond with only the final answer: What is 61 plus 92?,Solve the following and respond with only the final answer: What is 61 plus 65?,153
Solve the following and respond with only the final answer: What is 70 plus 14?,Solve the following and respond with only the final answer: What is 70 plus 14?,84
Solve the following and respond with only the final answer: What is 42 plus 32?,Solve the following and respond with only the final answer: What is 42 plus 15?,74
Solve the following and respond with only the final answer: What is 27 plus 39?,Solve the following and respond with only the final answer: What is 27 plus 50?,66
Solve the following and respond with only the final answer: What is 91 plus 18?,Solve the following and respond with only the final answer: What is 91 plus 87?,109
Solve the following and respond with only the final answer: What is 99 plus 99?,Solve the following and respond with only the final answer: What is 99 plus 10?,198
Solve the following and respond with only the final answer: What is 85 plus 95?,Solve the following and respond with only the final answer: What is 85 plus 95?,180
Solve the following and respond with only the final answer: What is 45 plus 57?,Solve the following and respond with only the final answer: What is 45 plus 55?,102
Solve the following and respond with only the final answer: What is 49 plus 86?,Solve the following and respond with only the final answer: What is 49 plus 30?,135
Solve the following and respond with only the final answer: What is 11 plus 72?,Solve the following and respond with only the final answer: What is 11 plus 60?,83
Solve the following and respond with only the final answer: What is 71 plus 89?,Solve the following and respond with only the final answer: What is 71 plus 75?,160
Solve the following and respond with only the final answer: What is 26 plus 40?,Solve the following and respond with only the final answer: What is 26 plus 32?,66
Solve the following and respond with only the final answer: What is 14 plus 43?,Solve the following and respond with only the final answer: What is 14 plus 43?,57
Solve the following and respond with only the final answer: What is 28 plus 89?,Solve the following and respond with only the final answer: What is 28 plus 47?,117
Solve the following and respond with only the final answer: What is 41 plus 62?,Solve the following and respond with only the final answer: What is 41 plus 93?,103
Solve the following and respond with only the final answer: What is 47 plus 82?,Solve the following and respond with only the final answer: What is 47 plus 99?,129
Solve the following and respond with only the final answer: What is 72 plus 30?,Solve the following and respond with only the final answer: What is 72 plus 83?,102
Solve the following and respond with only the final answer: What is 71 plus 33?,Solve the following and respond with only the final answer: What is 71 plus 69?,104
Solve the following and respond with only the final answer: What is 23 plus 36?,Solve the following and respond with only the final answer: What is 23 plus 97?,59
Solve the following and respond with only the final answer: What is 19 plus 52?,Solve the following and respond with only the final answer: What is 19 plus 26?,71
Solve the following and respond with only the final answer: What is 74 plus 84?,Solve the following and respond with only the final answer: What is 74 plus 82?,158
Solve the following and respond with only the final answer: What is 75 plus 90?,Solve the following and respond with only the final answer: What is 75 plus 40?,165
Solve the following and respond with only the final answer: What is 18 plus 51?,Solve the following and respond with only the final answer: What is 18 plus 59?,69
Solve the following and respond with only the final answer: What is 11 plus 44?,Solve the following and respond with only the final answer: What is 11 plus 23?,55
Solve the following and respond with only the final answer: What is 81 plus 50?,Solve the following and respond with only the final answer: What is 81 plus 14?,131
Solve the following and respond with only the final answer: What is 16 plus 77?,Solve the following and respond with only the final answer: What is 16 plus 96?,93
Solve the following and respond with only the final answer: What is 36 plus 66?,Solve the following and respond with only the final answer: What is 36 plus 89?,102
Solve the following and respond with only the final answer: What is 64 plus 79?,Solve the following and respond with only the final answer: What is 64 plus 87?,143
Solve the following and respond with only the final answer: What is 97 plus 32?,Solve the following and respond with only the final answer: What is 97 plus 53?,129
Solve the following and respond with only the final answer: What is 81 plus 33?,Solve the following and respond with only the final answer: What is 81 plus 44?,114
Solve the following and respond with only the final answer: What is 75 plus 15?,Solve the following and respond with only the final answer: What is 75 plus 90?,90
Solve the following and respond with only the final answer: What is 45 plus 24?,Solve the following and respond with only the final answer: What is 45 plus 87?,69
Solve the following and respond with only the final answer: What is 75 plus 75?,Solve the following and respond with only the final answer: What is 75 plus 96?,150
Solve the following and respond with only the final answer: What is 31 plus 76?,Solve the following and respond with only the final answer: What is 31 plus 65?,107
Solve the following and respond with only the final answer: What is 40 plus 11?,Solve the following and respond with only the final answer: What is 40 plus 93?,51
Solve the following and respond with only the final answer: What is 55 plus 21?,Solve the following and respond with only the final answer: What is 55 plus 28?,76
Solve the following and respond with only the final answer: What is 68 plus 34?,Solve the following and respond with only the final answer: What is 68 plus 49?,102
Solve the following and respond with only the final answer: What is 56 plus 33?,Solve the following and respond with only the final answer: What is 56 plus 46?,89
Solve the following and respond with only the final answer: What is 86 plus 90?,Solve the following and respond with only the final answer: What is 86 plus 56?,176
Solve the following and respond with only the final answer: What is 92 plus 96?,Solve the following and respond with only the final answer: What is 92 plus 32?,188
Solve the following and respond with only the final answer: What is 66 plus 15?,Solve the following and respond with only the final answer: What is 66 plus 13?,81
Solve the following and respond with only the final answer: What is 77 plus 59?,Solve the following and respond with only the final answer: What is 77 plus 79?,136
Solve the following and respond with only the final answer: What is 65 plus 93?,Solve the following and respond with only the final answer: What is 65 plus 43?,158
Solve the following and respond with only the final answer: What is 22 plus 18?,Solve the following and respond with only the final answer: What is 22 plus 61?,40
Solve the following and respond with only the final answer: What is 78 plus 20?,Solve the following and respond with only the final answer: What is 78 plus 53?,98
Solve the following and respond with only the final answer: What is 26 plus 48?,Solve the following and respond with only the final answer: What is 26 plus 38?,74
Solve the following and respond with only the final answer: What is 55 plus 22?,Solve the following and respond with only the final answer: What is 55 plus 52?,77
Solve the following and respond with only the final answer: What is 37 plus 84?,Solve the following and respond with only the final answer: What is 37 plus 85?,121
Solve the following and respond with only the final answer: What is 72 plus 51?,Solve the following and respond with only the final answer: What is 72 plus 94?,123
Solve the following and respond with only the final answer: What is 37 plus 86?,Solve the following and respond with only the final answer: What is 37 plus 50?,123
Solve the following and respond with only the final answer: What is 18 plus 30?,Solve the following and respond with only the final answer: What is 18 plus 61?,48
Solve the following and respond with only the final answer: What is 99 plus 16?,Solve the following and respond with only the final answer: What is 99 plus 79?,115
Solve the following and respond with only the final answer: What is 10 plus 66?,Solve the following and respond with only the final answer: What is 10 plus 67?,76
Solve the following and respond with only the final answer: What is 91 plus 34?,Solve the following and respond with only the final answer: What is 91 plus 20?,125
Solve the following and respond with only the final answer: What is 82 plus 19?,Solve the following and respond with only the final answer: What is 82 plus 60?,101
Solve the following and respond with only the final answer: What is 28 plus 98?,Solve the following and respond with only the final answer: What is 28 plus 33?,126
Solve the following and respond with only the final answer: What is 83 plus 47?,Solve the following and respond with only the final answer: What is 83 plus 97?,130
Solve the following and respond with only the final answer: What is 35 plus 37?,Solve the following and respond with only the final answer: What is 35 plus 97?,72
Solve the following and respond with only the final answer: What is 20 plus 14?,Solve the following and respond with only the final answer: What is 20 plus 28?,34
Solve the following and respond with only the final answer: What is 93 plus 55?,Solve the following and respond with only the final answer: What is 93 plus 74?,148
Solve the following and respond with only the final answer: What is 72 plus 84?,Solve the following and respond with only the final answer: What is 72 plus 40?,156
Solve the following and respond with only the final answer: What is 26 plus 45?,Solve the following and respond with only the final answer: What is 26 plus 91?,71
Solve the following and respond with only the final answer: What is 33 plus 47?,Solve the following and respond with only the final answer: What is 33 plus 63?,80
Solve the following and respond with only the final answer: What is 83 plus 54?,Solve the following and respond with only the final answer: What is 83 plus 39?,137
Solve the following and respond with only the final answer: What is 14 plus 86?,Solve the following and respond with only the final answer: What is 14 plus 11?,100
Solve the following and respond with only the final answer: What is 75 plus 90?,Solve the following and respond with only the final answer: What is 75 plus 65?,165
Solve the following and respond with only the final answer: What is 23 plus 11?,Solve the following and respond with only the final answer: What is 23 plus 30?,34
Solve the following and respond with only the final answer: What is 55 plus 65?,Solve the following and respond with only the final answer: What is 55 plus 10?,120
Solve the following and respond with only the final answer: What is 51 plus 51?,Solve the following and respond with only the final answer: What is 51 plus 12?,102
Solve the following and respond with only the final answer: What is 86 plus 73?,Solve the following and respond with only the final answer: What is 86 plus 99?,159
Solve the following and respond with only the final answer: What is 40 plus 76?,Solve the following and respond with only the final answer: What is 40 plus 67?,116
Solve the following and respond with only the final answer: What is 65 plus 58?,Solve the following and respond with only the final answer: What is 65 plus 96?,123
Solve the following and respond with only the final answer: What is 15 plus 77?,Solve the following and respond with only the final answer: What is 15 plus 36?,92
Solve the following and respond with only the final answer: What is 25 plus 55?,Solve the following and respond with only the final answer: What is 25 plus 67?,80
Solve the following and respond with only the final answer: What is 44 plus 48?,Solve the following and respond with only the final answer: What is 44 plus 29?,92
Solve the following and respond with only the final answer: What is 82 plus 51?,Solve the following and respond with only the final answer: What is 82 plus 27?,133
Solve the following and respond with only the final answer: What is 92 plus 72?,Solve the following and respond with only the final answer: What is 92 plus 52?,164
Solve the following and respond with only the final answer: What is 22 plus 82?,Solve the following and respond with only the final answer: What is 22 plus 52?,104
Solve the following and respond with only the final answer: What is 71 plus 99?,Solve the following and respond with only the final answer: What is 71 plus 19?,170
Solve the following and respond with only the final answer: What is 57 plus 83?,Solve the following and respond with only the final answer: What is 57 plus 98?,140
Solve the following and respond with only the final answer: What is 88 plus 87?,Solve the following and respond with only the final answer: What is 88 plus 19?,175
Solve the following and respond with only the final answer: What is 21 plus 60?,Solve the following and respond with only the final answer: What is 21 plus 45?,81
Solve the following and respond with only the final answer: What is 38 plus 29?,Solve the following and respond with only the final answer: What is 38 plus 33?,67
Solve the following and respond with only the final answer: What is 54 plus 85?,Solve the following and respond with only the final answer: What is 54 plus 62?,139
Solve the following and respond with only the final answer: What is 46 plus 37?,Solve the following and respond with only the final answer: What is 46 plus 60?,83
Solve the following and respond with only the final answer: What is 64 plus 20?,Solve the following and respond with only the final answer: What is 64 plus 31?,84
Solve the following and respond with only the final answer: What is 36 plus 28?,Solve the following and respond with only the final answer: What is 36 plus 96?,64
Solve the following and respond with only the final answer: What is 26 plus 96?,Solve the following and respond with only the final answer: What is 26 plus 57?,122
Solve the following and respond with only the final answer: What is 24 plus 61?,Solve the following and respond with only the final answer: What is 24 plus 15?,85
Solve the following and respond with only the final answer: What is 45 plus 13?,Solve the following and respond with only the final answer: What is 45 plus 48?,58
Solve the following and respond with only the final answer: What is 32 plus 94?,Solve the following and respond with only the final answer: What is 32 plus 11?,126
Solve the following and respond with only the final answer: What is 78 plus 46?,Solve the following and respond with only the final answer: What is 78 plus 28?,124
Solve the following and respond with only the final answer: What is 24 plus 57?,Solve the following and respond with only the final answer: What is 24 plus 46?,81
Solve the following and respond with only the final answer: What is 79 plus 30?,Solve the following and respond with only the final answer: What is 79 plus 21?,109
Solve the following and respond with only the final answer: What is 85 plus 37?,Solve the following and respond with only the final answer: What is 85 plus 34?,122
Solve the following and respond with only the final answer: What is 88 plus 13?,Solve the following and respond with only the final answer: What is 88 plus 71?,101
Solve the following and respond with only the final answer: What is 79 plus 22?,Solve the following and respond with only the final answer: What is 79 plus 34?,101
Solve the following and respond with only the final answer: What is 24 plus 51?,Solve the following and respond with only the final answer: What is 24 plus 95?,75
Solve the following and respond with only the final answer: What is 62 plus 24?,Solve the following and respond with only the final answer: What is 62 plus 41?,86
Solve the following and respond with only the final answer: What is 44 plus 93?,Solve the following and respond with only the final answer: What is 44 plus 54?,137
Solve the following and respond with only the final answer: What is 51 plus 91?,Solve the following and respond with only the final answer: What is 51 plus 81?,142
Solve the following and respond with only the final answer: What is 32 plus 27?,Solve the following and respond with only the final answer: What is 32 plus 65?,59
Solve the following and respond with only the final answer: What is 17 plus 31?,Solve the following and respond with only the final answer: What is 17 plus 42?,48
Solve the following and respond with only the final answer: What is 28 plus 47?,Solve the following and respond with only the final answer: What is 28 plus 51?,75
Solve the following and respond with only the final answer: What is 76 plus 83?,Solve the following and respond with only the final answer: What is 76 plus 11?,159
Solve the following and respond with only the final answer: What is 31 plus 67?,Solve the following and respond with only the final answer: What is 31 plus 33?,98
Solve the following and respond with only the final answer: What is 90 plus 44?,Solve the following and respond with only the final answer: What is 90 plus 71?,134
Solve the following and respond with only the final answer: What is 84 plus 73?,Solve the following and respond with only the final answer: What is 84 plus 85?,157
Solve the following and respond with only the final answer: What is 16 plus 22?,Solve the following and respond with only the final answer: What is 16 plus 50?,38
Solve the following and respond with only the final answer: What is 51 plus 99?,Solve the following and respond with only the final answer: What is 51 plus 19?,150
Solve the following and respond with only the final answer: What is 78 plus 56?,Solve the following and respond with only the final answer: What is 78 plus 96?,134
Solve the following and respond with only the final answer: What is 48 plus 51?,Solve the following and respond with only the final answer: What is 48 plus 27?,99
Solve the following and respond with only the final answer: What is 28 plus 37?,Solve the following and respond with only the final answer: What is 28 plus 49?,65
Solve the following and respond with only the final answer: What is 83 plus 88?,Solve the following and respond with only the final answer: What is 83 plus 29?,171
Solve the following and respond with only the final answer: What is 52 plus 90?,Solve the following and respond with only the final answer: What is 52 plus 83?,142
Solve the following and respond with only the final answer: What is 10 plus 89?,Solve the following and respond with only the final answer: What is 10 plus 30?,99
Solve the following and respond with only the final answer: What is 92 plus 14?,Solve the following and respond with only the final answer: What is 92 plus 38?,106
Solve the following and respond with only the final answer: What is 69 plus 70?,Solve the following and respond with only the final answer: What is 69 plus 33?,139
Solve the following and respond with only the final answer: What is 39 plus 58?,Solve the following and respond with only the final answer: What is 39 plus 44?,97
Solve the following and respond with only the final answer: What is 44 plus 92?,Solve the following and respond with only the final answer: What is 44 plus 89?,136
Solve the following and respond with only the final answer: What is 89 plus 31?,Solve the following and respond with only the final answer: What is 89 plus 64?,120
Solve the following and respond with only the final answer: What is 47 plus 55?,Solve the following and respond with only the final answer: What is 47 plus 23?,102
Solve the following and respond with only the final answer: What is 32 plus 24?,Solve the following and respond with only the final answer: What is 32 plus 29?,56
Solve the following and respond with only the final answer: What is 22 plus 97?,Solve the following and respond with only the final answer: What is 22 plus 78?,119
Solve the following and respond with only the final answer: What is 47 plus 68?,Solve the following and respond with only the final answer: What is 47 plus 33?,115
Solve the following and respond with only the final answer: What is 32 plus 86?,Solve the following and respond with only the final answer: What is 32 plus 99?,118
Solve the following and respond with only the final answer: What is 70 plus 62?,Solve the following and respond with only the final answer: What is 70 plus 87?,132
Solve the following and respond with only the final answer: What is 73 plus 80?,Solve the following and respond with only the final answer: What is 73 plus 19?,153
Solve the following and respond with only the final answer: What is 86 plus 91?,Solve the following and respond with only the final answer: What is 86 plus 36?,177
Solve the following and respond with only the final answer: What is 98 plus 12?,Solve the following and respond with only the final answer: What is 98 plus 96?,110
Solve the following and respond with only the final answer: What is 51 plus 35?,Solve the following and respond with only the final answer: What is 51 plus 28?,86
Solve the following and respond with only the final answer: What is 60 plus 10?,Solve the following and respond with only the final answer: What is 60 plus 28?,70
Solve the following and respond with only the final answer: What is 17 plus 20?,Solve the following and respond with only the final answer: What is 17 plus 82?,37
Solve the following and respond with only the final answer: What is 85 plus 15?,Solve the following and respond with only the final answer: What is 85 plus 28?,100
Solve the following and respond with only the final answer: What is 70 plus 49?,Solve the following and respond with only the final answer: What is 70 plus 32?,119
Solve the following and respond with only the final answer: What is 97 plus 87?,Solve the following and respond with only the final answer: What is 97 plus 32?,184
Solve the following and respond with only the final answer: What is 52 plus 86?,Solve the following and respond with only the final answer: What is 52 plus 25?,138
Solve the following and respond with only the final answer: What is 48 plus 68?,Solve the following and respond with only the final answer: What is 48 plus 51?,116
Solve the following and respond with only the final answer: What is 28 plus 15?,Solve the following and respond with only the final answer: What is 28 plus 33?,43
Solve the following and respond with only the final answer: What is 12 plus 53?,Solve the following and respond with only the final answer: What is 12 plus 65?,65
Solve the following and respond with only the final answer: What is 99 plus 39?,Solve the following and respond with only the final answer: What is 99 plus 35?,138
Solve the following and respond with only the final answer: What is 34 plus 63?,Solve the following and respond with only the final answer: What is 34 plus 87?,97
Solve the following and respond with only the final answer: What is 82 plus 72?,Solve the following and respond with only the final answer: What is 82 plus 85?,154
Solve the following and respond with only the final answer: What is 92 plus 37?,Solve the following and respond with only the final answer: What is 92 plus 35?,129
Solve the following and respond with only the final answer: What is 57 plus 63?,Solve the following and respond with only the final answer: What is 57 plus 68?,120
Solve the following and respond with only the final answer: What is 10 plus 46?,Solve the following and respond with only the final answer: What is 10 plus 79?,56
Solve the following and respond with only the final answer: What is 83 plus 63?,Solve the following and respond with only the final answer: What is 83 plus 22?,146
Solve the following and respond with only the final answer: What is 42 plus 63?,Solve the following and respond with only the final answer: What is 42 plus 88?,105
Solve the following and respond with only the final answer: What is 21 plus 25?,Solve the following and respond with only the final answer: What is 21 plus 66?,46
Solve the following and respond with only the final answer: What is 90 plus 47?,Solve the following and respond with only the final answer: What is 90 plus 17?,137
Solve the following and respond with only the final answer: What is 12 plus 40?,Solve the following and respond with only the final answer: What is 12 plus 66?,52
Solve the following and respond with only the final answer: What is 75 plus 87?,Solve the following and respond with only the final answer: What is 75 plus 99?,162
Solve the following and respond with only the final answer: What is 62 plus 65?,Solve the following and respond with only the final answer: What is 62 plus 67?,127
Solve the following and respond with only the final answer: What is 19 plus 55?,Solve the following and respond with only the final answer: What is 19 plus 82?,74
Solve the following and respond with only the final answer: What is 28 plus 28?,Solve the following and respond with only the final answer: What is 28 plus 82?,56
Solve the following and respond with only the final answer: What is 51 plus 47?,Solve the following and respond with only the final answer: What is 51 plus 15?,98
Solve the following and respond with only the final answer: What is 99 plus 19?,Solve the following and respond with only the final answer: What is 99 plus 80?,118
Solve the following and respond with only the final answer: What is 46 plus 79?,Solve the following and respond with only the final answer: What is 46 plus 13?,125
Solve the following and respond with only the final answer: What is 14 plus 16?,Solve the following and respond with only the final answer: What is 14 plus 64?,30
Solve the following and respond with only the final answer: What is 13 plus 52?,Solve the following and respond with only the final answer: What is 13 plus 50?,65
Solve the following and respond with only the final answer: What is 77 plus 91?,Solve the following and respond with only the final answer: What is 77 plus 40?,168
Solve the following and respond with only the final answer: What is 69 plus 45?,Solve the following and respond with only the final answer: What is 69 plus 56?,114
Solve the following and respond with only the final answer: What is 39 plus 27?,Solve the following and respond with only the final answer: What is 39 plus 80?,66
Solve the following and respond with only the final answer: What is 34 plus 16?,Solve the following and respond with only the final answer: What is 34 plus 19?,50
Solve the following and respond with only the final answer: What is 32 plus 63?,Solve the following and respond with only the final answer: What is 32 plus 42?,95
Solve the following and respond with only the final answer: What is 57 plus 60?,Solve the following and respond with only the final answer: What is 57 plus 51?,117
Solve the following and respond with only the final answer: What is 59 plus 85?,Solve the following and respond with only the final answer: What is 59 plus 43?,144
Solve the following and respond with only the final answer: What is 10 plus 18?,Solve the following and respond with only the final answer: What is 10 plus 88?,28
Solve the following and respond with only the final answer: What is 62 plus 74?,Solve the following and respond with only the final answer: What is 62 plus 89?,136
Solve the following and respond with only the final answer: What is 40 plus 70?,Solve the following and respond with only the final answer: What is 40 plus 90?,110
Solve the following and respond with only the final answer: What is 32 plus 60?,Solve the following and respond with only the final answer: What is 32 plus 68?,92
Solve the following and respond with only the final answer: What is 78 plus 98?,Solve the following and respond with only the final answer: What is 78 plus 28?,176
Solve the following and respond with only the final answer: What is 22 plus 14?,Solve the following and respond with only the final answer: What is 22 plus 60?,36
Solve the following and respond with only the final answer: What is 55 plus 55?,Solve the following and respond with only the final answer: What is 55 plus 86?,110
Solve the following and respond with only the final answer: What is 84 plus 96?,Solve the following and respond with only the final answer: What is 84 plus 17?,180
Solve the following and respond with only the final answer: What is 38 plus 68?,Solve the following and respond with only the final answer: What is 38 plus 11?,106
Solve the following and respond with only the final answer: What is 46 plus 67?,Solve the following and respond with only the final answer: What is 46 plus 36?,113
Solve the following and respond with only the final answer: What is 22 plus 80?,Solve the following and respond with only the final answer: What is 22 plus 63?,102
Solve the following and respond with only the final answer: What is 10 plus 52?,Solve the following and respond with only the final answer: What is 10 plus 86?,62
Solve the following and respond with only the final answer: What is 81 plus 92?,Solve the following and respond with only the final answer: What is 81 plus 87?,173
Solve the following and respond with only the final answer: What is 87 plus 98?,Solve the following and respond with only the final answer: What is 87 plus 83?,185
Solve the following and respond with only the final answer: What is 95 plus 16?,Solve the following and respond with only the final answer: What is 95 plus 10?,111
Solve the following and respond with only the final answer: What is 32 plus 93?,Solve the following and respond with only the final answer: What is 32 plus 31?,125
Solve the following and respond with only the final answer: What is 70 plus 27?,Solve the following and respond with only the final answer: What is 70 plus 78?,97
Solve the following and respond with only the final answer: What is 28 plus 18?,Solve the following and respond with only the final answer: What is 28 plus 56?,46
Solve the following and respond with only the final answer: What is 81 plus 53?,Solve the following and respond with only the final answer: What is 81 plus 81?,134
Solve the following and respond with only the final answer: What is 29 plus 25?,Solve the following and respond with only the final answer: What is 29 plus 47?,54
Solve the following and respond with only the final answer: What is 51 plus 38?,Solve the following and respond with only the final answer: What is 51 plus 55?,89
Solve the following and respond with only the final answer: What is 24 plus 74?,Solve the following and respond with only the final answer: What is 24 plus 78?,98
Solve the following and respond with only the final answer: What is 90 plus 43?,Solve the following and respond with only the final answer: What is 90 plus 80?,133
Solve the following and respond with only the final answer: What is 59 plus 96?,Solve the following and respond with only the final answer: What is 59 plus 44?,155
Solve the following and respond with only the final answer: What is 37 plus 36?,Solve the following and respond with only the final answer: What is 37 plus 48?,73
Solve the following and respond with only the final answer: What is 71 plus 43?,Solve the following and respond with only the final answer: What is 71 plus 51?,114
Solve the following and respond with only the final answer: What is 75 plus 23?,Solve the following and respond with only the final answer: What is 75 plus 21?,98
Solve the following and respond with only the final answer: What is 76 plus 58?,Solve the following and respond with only the final answer: What is 76 plus 15?,134
Solve the following and respond with only the final answer: What is 99 plus 97?,Solve the following and respond with only the final answer: What is 99 plus 91?,196
Solve the following and respond with only the final answer: What is 93 plus 21?,Solve the following and respond with only the final answer: What is 93 plus 61?,114
Solve the following and respond with only the final answer: What is 60 plus 23?,Solve the following and respond with only the final answer: What is 60 plus 38?,83
Solve the following and respond with only the final answer: What is 79 plus 21?,Solve the following and respond with only the final answer: What is 79 plus 23?,100
Solve the following and respond with only the final answer: What is 61 plus 43?,Solve the following and respond with only the final answer: What is 61 plus 34?,104
Solve the following and respond with only the final answer: What is 22 plus 96?,Solve the following and respond with only the final answer: What is 22 plus 14?,118
Solve the following and respond with only the final answer: What is 59 plus 82?,Solve the following and respond with only the final answer: What is 59 plus 37?,141
Solve the following and respond with only the final answer: What is 66 plus 61?,Solve the following and respond with only the final answer: What is 66 plus 87?,127
Solve the following and respond with only the final answer: What is 18 plus 23?,Solve the following and respond with only the final answer: What is 18 plus 81?,41
Solve the following and respond with only the final answer: What is 31 plus 50?,Solve the following and respond with only the final answer: What is 31 plus 55?,81
Solve the following and respond with only the final answer: What is 11 plus 95?,Solve the following and respond with only the final answer: What is 11 plus 28?,106
Solve the following and respond with only the final answer: What is 42 plus 32?,Solve the following and respond with only the final answer: What is 42 plus 47?,74
Solve the following and respond with only the final answer: What is 21 plus 10?,Solve the following and respond with only the final answer: What is 21 plus 48?,31
Solve the following and respond with only the final answer: What is 70 plus 71?,Solve the following and respond with only the final answer: What is 70 plus 70?,141
Solve the following and respond with only the final answer: What is 63 plus 89?,Solve the following and respond with only the final answer: What is 63 plus 12?,152
Solve the following and respond with only the final answer: What is 61 plus 97?,Solve the following and respond with only the final answer: What is 61 plus 44?,158
Solve the following and respond with only the final answer: What is 54 plus 72?,Solve the following and respond with only the final answer: What is 54 plus 52?,126
Solve the following and respond with only the final answer: What is 14 plus 13?,Solve the following and respond with only the final answer: What is 14 plus 17?,27
Solve the following and respond with only the final answer: What is 15 plus 60?,Solve the following and respond with only the final answer: What is 15 plus 29?,75
Solve the following and respond with only the final answer: What is 86 plus 61?,Solve the following and respond with only the final answer: What is 86 plus 90?,147
Solve the following and respond with only the final answer: What is 35 plus 49?,Solve the following and respond with only the final answer: What is 35 plus 69?,84
Solve the following and respond with only the final answer: What is 52 plus 49?,Solve the following and respond with only the final answer: What is 52 plus 30?,101
Solve the following and respond with only the final answer: What is 93 plus 59?,Solve the following and respond with only the final answer: What is 93 plus 34?,152
Solve the following and respond with only the final answer: What is 68 plus 64?,Solve the following and respond with only the final answer: What is 68 plus 50?,132
Solve the following and respond with only the final answer: What is 39 plus 88?,Solve the following and respond with only the final answer: What is 39 plus 41?,127
Solve the following and respond with only the final answer: What is 15 plus 15?,Solve the following and respond with only the final answer: What is 15 plus 75?,30
Solve the following and respond with only the final answer: What is 21 plus 82?,Solve the following and respond with only the final answer: What is 21 plus 19?,103
Solve the following and respond with only the final answer: What is 26 plus 83?,Solve the following and respond with only the final answer: What is 26 plus 63?,109
Solve the following and respond with only the final answer: What is 25 plus 34?,Solve the following and respond with only the final answer: What is 25 plus 90?,59
Solve the following and respond with only the final answer: What is 27 plus 38?,Solve the following and respond with only the final answer: What is 27 plus 29?,65
Solve the following and respond with only the final answer: What is 50 plus 76?,Solve the following and respond with only the final answer: What is 50 plus 53?,126
Solve the following and respond with only the final answer: What is 10 plus 46?,Solve the following and respond with only the final answer: What is 10 plus 12?,56
Solve the following and respond with only the final answer: What is 61 plus 22?,Solve the following and respond with only the final answer: What is 61 plus 71?,83
Solve the following and respond with only the final answer: What is 29 plus 95?,Solve the following and respond with only the final answer: What is 29 plus 97?,124
Solve the following and respond with only the final answer: What is 89 plus 95?,Solve the following and respond with only the final answer: What is 89 plus 71?,184
Solve the following and respond with only the final answer: What is 50 plus 58?,Solve the following and respond with only the final answer: What is 50 plus 24?,108
Solve the following and respond with only the final answer: What is 85 plus 13?,Solve the following and respond with only the final answer: What is 85 plus 48?,98
Solve the following and respond with only the final answer: What is 20 plus 97?,Solve the following and respond with only the final answer: What is 20 plus 90?,117
Solve the following and respond with only the final answer: What is 11 plus 87?,Solve the following and respond with only the final answer: What is 11 plus 38?,98
Solve the following and respond with only the final answer: What is 27 plus 40?,Solve the following and respond with only the final answer: What is 27 plus 12?,67
Solve the following and respond with only the final answer: What is 30 plus 85?,Solve the following and respond with only the final answer: What is 30 plus 26?,115
Solve the following and respond with only the final answer: What is 26 plus 85?,Solve the following and respond with only the final answer: What is 26 plus 63?,111
Solve the following and respond with only the final answer: What is 41 plus 50?,Solve the following and respond with only the final answer: What is 41 plus 19?,91
Solve the following and respond with only the final answer: What is 89 plus 51?,Solve the following and respond with only the final answer: What is 89 plus 60?,140
Solve the following and respond with only the final answer: What is 28 plus 78?,Solve the following and respond with only the final answer: What is 28 plus 93?,106
Solve the following and respond with only the final answer: What is 63 plus 36?,Solve the following and respond with only the final answer: What is 63 plus 23?,99
Solve the following and respond with only the final answer: What is 92 plus 88?,Solve the following and respond with only the final answer: What is 92 plus 34?,180
Solve the following and respond with only the final answer: What is 33 plus 53?,Solve the following and respond with only the final answer: What is 33 plus 79?,86
Solve the following and respond with only the final answer: What is 34 plus 20?,Solve the following and respond with only the final answer: What is 34 plus 32?,54
Solve the following and respond with only the final answer: What is 72 plus 24?,Solve the following and respond with only the final answer: What is 72 plus 21?,96
Solve the following and respond with only the final answer: What is 29 plus 16?,Solve the following and respond with only the final answer: What is 29 plus 60?,45
Solve the following and respond with only the final answer: What is 84 plus 85?,Solve the following and respond with only the final answer: What is 84 plus 63?,169
Solve the following and respond with only the final answer: What is 71 plus 81?,Solve the following and respond with only the final answer: What is 71 plus 13?,152
Solve the following and respond with only the final answer: What is 21 plus 23?,Solve the following and respond with only the final answer: What is 21 plus 66?,44
Solve the following and respond with only the final answer: What is 41 plus 51?,Solve the following and respond with only the final answer: What is 41 plus 27?,92
Solve the following and respond with only the final answer: What is 83 plus 86?,Solve the following and respond with only the final answer: What is 83 plus 52?,169
Solve the following and respond with only the final answer: What is 70 plus 44?,Solve the following and respond with only the final answer: What is 70 plus 70?,114
Solve the following and respond with only the final answer: What is 59 plus 37?,Solve the following and respond with only the final answer: What is 59 plus 43?,96
Solve the following and respond with only the final answer: What is 81 plus 52?,Solve the following and respond with only the final answer: What is 81 plus 76?,133
Solve the following and respond with only the final answer: What is 23 plus 46?,Solve the following and respond with only the final answer: What is 23 plus 16?,69
Solve the following and respond with only the final answer: What is 19 plus 78?,Solve the following and respond with only the final answer: What is 19 plus 91?,97
Solve the following and respond with only the final answer: What is 46 plus 90?,Solve the following and respond with only the final answer: What is 46 plus 64?,136
Solve the following and respond with only the final answer: What is 33 plus 53?,Solve the following and respond with only the final answer: What is 33 plus 72?,86
Solve the following and respond with only the final answer: What is 60 plus 68?,Solve the following and respond with only the final answer: What is 60 plus 30?,128
Solve the following and respond with only the final answer: What is 23 plus 29?,Solve the following and respond with only the final answer: What is 23 plus 42?,52
Solve the following and respond with only the final answer: What is 50 plus 76?,Solve the following and respond with only the final answer: What is 50 plus 24?,126
Solve the following and respond with only the final answer: What is 82 plus 11?,Solve the following and respond with only the final answer: What is 82 plus 98?,93
Solve the following and respond with only the final answer: What is 77 plus 50?,Solve the following and respond with only the final answer: What is 77 plus 13?,127
Solve the following and respond with only the final answer: What is 59 plus 62?,Solve the following and respond with only the final answer: What is 59 plus 71?,121
Solve the following and respond with only the final answer: What is 79 plus 12?,Solve the following and respond with only the final answer: What is 79 plus 95?,91
Solve the following and respond with only the final answer: What is 68 plus 54?,Solve the following and respond with only the final answer: What is 68 plus 27?,122
Solve the following and respond with only the final answer: What is 60 plus 82?,Solve the following and respond with only the final answer: What is 60 plus 38?,142
Solve the following and respond with only the final answer: What is 12 plus 88?,Solve the following and respond with only the final answer: What is 12 plus 83?,100
Solve the following and respond with only the final answer: What is 36 plus 40?,Solve the following and respond with only the final answer: What is 36 plus 68?,76
Solve the following and respond with only the final answer: What is 31 plus 46?,Solve the following and respond with only the final answer: What is 31 plus 78?,77
Solve the following and respond with only the final answer: What is 61 plus 25?,Solve the following and respond with only the final answer: What is 61 plus 46?,86
Solve the following and respond with only the final answer: What is 39 plus 45?,Solve the following and respond with only the final answer: What is 39 plus 89?,84
Solve the following and respond with only the final answer: What is 32 plus 48?,Solve the following and respond with only the final answer: What is 32 plus 13?,80
Solve the following and respond with only the final answer: What is 29 plus 97?,Solve the following and respond with only the final answer: What is 29 plus 28?,126
Solve the following and respond with only the final answer: What is 93 plus 64?,Solve the following and respond with only the final answer: What is 93 plus 66?,157
Solve the following and respond with only the final answer: What is 34 plus 35?,Solve the following and respond with only the final answer: What is 34 plus 79?,69
Solve the following and respond with only the final answer: What is 27 plus 17?,Solve the following and respond with only the final answer: What is 27 plus 86?,44
Solve the following and respond with only the final answer: What is 53 plus 33?,Solve the following and respond with only the final answer: What is 53 plus 43?,86
Solve the following and respond with only the final answer: What is 46 plus 57?,Solve the following and respond with only the final answer: What is 46 plus 30?,103
Solve the following and respond with only the final answer: What is 27 plus 26?,Solve the following and respond with only the final answer: What is 27 plus 63?,53
Solve the following and respond with only the final answer: What is 89 plus 15?,Solve the following and respond with only the final answer: What is 89 plus 31?,104
Solve the following and respond with only the final answer: What is 41 plus 14?,Solve the following and respond with only the final answer: What is 41 plus 13?,55
Solve the following and respond with only the final answer: What is 67 plus 93?,Solve the following and respond with only the final answer: What is 67 plus 10?,160
Solve the following and respond with only the final answer: What is 91 plus 26?,Solve the following and respond with only the final answer: What is 91 plus 25?,117
Solve the following and respond with only the final answer: What is 51 plus 43?,Solve the following and respond with only the final answer: What is 51 plus 27?,94
Solve the following and respond with only the final answer: What is 72 plus 10?,Solve the following and respond with only the final answer: What is 72 plus 51?,82
Solve the following and respond with only the final answer: What is 80 plus 24?,Solve the following and respond with only the final answer: What is 80 plus 35?,104
Solve the following and respond with only the final answer: What is 35 plus 43?,Solve the following and respond with only the final answer: What is 35 plus 29?,78
Solve the following and respond with only the final answer: What is 31 plus 92?,Solve the following and respond with only the final answer: What is 31 plus 42?,123
Solve the following and respond with only the final answer: What is 59 plus 85?,Solve the following and respond with only the final answer: What is 59 plus 39?,144
Solve the following and respond with only the final answer: What is 92 plus 75?,Solve the following and respond with only the final answer: What is 92 plus 89?,167
Solve the following and respond with only the final answer: What is 29 plus 18?,Solve the following and respond with only the final answer: What is 29 plus 81?,47
Solve the following and respond with only the final answer: What is 33 plus 78?,Solve the following and respond with only the final answer: What is 33 plus 12?,111
Solve the following and respond with only the final answer: What is 34 plus 23?,Solve the following and respond with only the final answer: What is 34 plus 83?,57
Solve the following and respond with only the final answer: What is 63 plus 31?,Solve the following and respond with only the final answer: What is 63 plus 99?,94
Solve the following and respond with only the final answer: What is 70 plus 68?,Solve the following and respond with only the final answer: What is 70 plus 10?,138
Solve the following and respond with only the final answer: What is 17 plus 34?,Solve the following and respond with only the final answer: What is 17 plus 49?,51
Solve the following and respond with only the final answer: What is 26 plus 67?,Solve the following and respond with only the final answer: What is 26 plus 72?,93
Solve the following and respond with only the final answer: What is 64 plus 33?,Solve the following and respond with only the final answer: What is 64 plus 48?,97
Solve the following and respond with only the final answer: What is 90 plus 27?,Solve the following and respond with only the final answer: What is 90 plus 54?,117
Solve the following and respond with only the final answer: What is 95 plus 52?,Solve the following and respond with only the final answer: What is 95 plus 62?,147
Solve the following and respond with only the final answer: What is 70 plus 45?,Solve the following and respond with only the final answer: What is 70 plus 27?,115
Solve the following and respond with only the final answer: What is 33 plus 52?,Solve the following and respond with only the final answer: What is 33 plus 12?,85
Solve the following and respond with only the final answer: What is 59 plus 81?,Solve the following and respond with only the final answer: What is 59 plus 23?,140
Solve the following and respond with only the final answer: What is 80 plus 88?,Solve the following and respond with only the final answer: What is 80 plus 97?,168
Solve the following and respond with only the final answer: What is 98 plus 13?,Solve the following and respond with only the final answer: What is 98 plus 82?,111
Solve the following and respond with only the final answer: What is 96 plus 28?,Solve the following and respond with only the final answer: What is 96 plus 43?,124
Solve the following and respond with only the final answer: What is 52 plus 70?,Solve the following and respond with only the final answer: What is 52 plus 39?,122
Solve the following and respond with only the final answer: What is 56 plus 18?,Solve the following and respond with only the final answer: What is 56 plus 42?,74
Solve the following and respond with only the final answer: What is 92 plus 78?,Solve the following and respond with only the final answer: What is 92 plus 75?,170
Solve the following and respond with only the final answer: What is 79 plus 13?,Solve the following and respond with only the final answer: What is 79 plus 29?,92
Solve the following and respond with only the final answer: What is 43 plus 14?,Solve the following and respond with only the final answer: What is 43 plus 22?,57
Solve the following and respond with only the final answer: What is 30 plus 63?,Solve the following and respond with only the final answer: What is 30 plus 55?,93
Solve the following and respond with only the final answer: What is 49 plus 88?,Solve the following and respond with only the final answer: What is 49 plus 64?,137
Solve the following and respond with only the final answer: What is 94 plus 83?,Solve the following and respond with only the final answer: What is 94 plus 10?,177
Solve the following and respond with only the final answer: What is 24 plus 97?,Solve the following and respond with only the final answer: What is 24 plus 41?,121
Solve the following and respond with only the final answer: What is 71 plus 75?,Solve the following and respond with only the final answer: What is 71 plus 75?,146
Solve the following and respond with only the final answer: What is 49 plus 92?,Solve the following and respond with only the final answer: What is 49 plus 25?,141
Solve the following and respond with only the final answer: What is 54 plus 66?,Solve the following and respond with only the final answer: What is 54 plus 61?,120
Solve the following and respond with only the final answer: What is 22 plus 91?,Solve the following and respond with only the final answer: What is 22 plus 55?,113
Solve the following and respond with only the final answer: What is 24 plus 53?,Solve the following and respond with only the final answer: What is 24 plus 43?,77
Solve the following and respond with only the final answer: What is 41 plus 77?,Solve the following and respond with only the final answer: What is 41 plus 43?,118
Solve the following and respond with only the final answer: What is 51 plus 47?,Solve the following and respond with only the final answer: What is 51 plus 65?,98
Solve the following and respond with only the final answer: What is 77 plus 65?,Solve the following and respond with only the final answer: What is 77 plus 73?,142
Solve the following and respond with only the final answer: What is 48 plus 82?,Solve the following and respond with only the final answer: What is 48 plus 56?,130
Solve the following and respond with only the final answer: What is 45 plus 90?,Solve the following and respond with only the final answer: What is 45 plus 60?,135
Solve the following and respond with only the final answer: What is 90 plus 79?,Solve the following and respond with only the final answer: What is 90 plus 77?,169
Solve the following and respond with only the final answer: What is 12 plus 68?,Solve the following and respond with only the final answer: What is 12 plus 30?,80
Solve the following and respond with only the final answer: What is 66 plus 58?,Solve the following and respond with only the final answer: What is 66 plus 15?,124
Solve the following and respond with only the final answer: What is 33 plus 35?,Solve the following and respond with only the final answer: What is 33 plus 48?,68
Solve the following and respond with only the final answer: What is 40 plus 49?,Solve the following and respond with only the final answer: What is 40 plus 70?,89
Solve the following and respond with only the final answer: What is 73 plus 19?,Solve the following and respond with only the final answer: What is 73 plus 59?,92
Solve the following and respond with only the final answer: What is 28 plus 58?,Solve the following and respond with only the final answer: What is 28 plus 17?,86
Solve the following and respond with only the final answer: What is 76 plus 26?,Solve the following and respond with only the final answer: What is 76 plus 40?,102
Solve the following and respond with only the final answer: What is 98 plus 63?,Solve the following and respond with only the final answer: What is 98 plus 34?,161
Solve the following and respond with only the final answer: What is 32 plus 17?,Solve the following and respond with only the final answer: What is 32 plus 76?,49
Solve the following and respond with only the final answer: What is 67 plus 90?,Solve the following and respond with only the final answer: What is 67 plus 35?,157
Solve the following and respond with only the final answer: What is 95 plus 75?,Solve the following and respond with only the final answer: What is 95 plus 63?,170
Solve the following and respond with only the final answer: What is 63 plus 88?,Solve the following and respond with only the final answer: What is 63 plus 74?,151
Solve the following and respond with only the final answer: What is 78 plus 42?,Solve the following and respond with only the final answer: What is 78 plus 21?,120
Solve the following and respond with only the final answer: What is 66 plus 78?,Solve the following and respond with only the final answer: What is 66 plus 50?,144
Solve the following and respond with only the final answer: What is 14 plus 34?,Solve the following and respond with only the final answer: What is 14 plus 91?,48
Solve the following and respond with only the final answer: What is 28 plus 98?,Solve the following and respond with only the final answer: What is 28 plus 71?,126
Solve the following and respond with only the final answer: What is 51 plus 23?,Solve the following and respond with only the final answer: What is 51 plus 37?,74
Solve the following and respond with only the final answer: What is 50 plus 22?,Solve the following and respond with only the final answer: What is 50 plus 94?,72
Solve the following and respond with only the final answer: What is 48 plus 54?,Solve the following and respond with only the final answer: What is 48 plus 38?,102
Solve the following and respond with only the final answer: What is 37 plus 28?,Solve the following and respond with only the final answer: What is 37 plus 62?,65
Solve the following and respond with only the final answer: What is 17 plus 35?,Solve the following and respond with only the final answer: What is 17 plus 50?,52
Solve the following and respond with only the final answer: What is 71 plus 73?,Solve the following and respond with only the final answer: What is 71 plus 71?,144
Solve the following and respond with only the final answer: What is 55 plus 44?,Solve the following and respond with only the final answer: What is 55 plus 27?,99
Solve the following and respond with only the final answer: What is 23 plus 69?,Solve the following and respond with only the final answer: What is 23 plus 67?,92
Solve the following and respond with only the final answer: What is 77 plus 65?,Solve the following and respond with only the final answer: What is 77 plus 34?,142
Solve the following and respond with only the final answer: What is 70 plus 94?,Solve the following and respond with only the final answer: What is 70 plus 94?,164
Solve the following and respond with only the final answer: What is 89 plus 68?,Solve the following and respond with only the final answer: What is 89 plus 64?,157
Solve the following and respond with only the final answer: What is 73 plus 75?,Solve the following and respond with only the final answer: What is 73 plus 78?,148
Solve the following and respond with only the final answer: What is 60 plus 33?,Solve the following and respond with only the final answer: What is 60 plus 28?,93
Solve the following and respond with only the final answer: What is 38 plus 71?,Solve the following and respond with only the final answer: What is 38 plus 24?,109
Solve the following and respond with only the final answer: What is 96 plus 87?,Solve the following and respond with only the final answer: What is 96 plus 12?,183
Solve the following and respond with only the final answer: What is 71 plus 87?,Solve the following and respond with only the final answer: What is 71 plus 26?,158
Solve the following and respond with only the final answer: What is 49 plus 92?,Solve the following and respond with only the final answer: What is 49 plus 68?,141
Solve the following and respond with only the final answer: What is 66 plus 11?,Solve the following and respond with only the final answer: What is 66 plus 63?,77
Solve the following and respond with only the final answer: What is 29 plus 46?,Solve the following and respond with only the final answer: What is 29 plus 98?,75
Solve the following and respond with only the final answer: What is 82 plus 20?,Solve the following and respond with only the final answer: What is 82 plus 19?,102
Solve the following and respond with only the final answer: What is 85 plus 14?,Solve the following and respond with only the final answer: What is 85 plus 95?,99
Solve the following and respond with only the final answer: What is 10 plus 57?,Solve the following and respond with only the final answer: What is 10 plus 34?,67
Solve the following and respond with only the final answer: What is 91 plus 40?,Solve the following and respond with only the final answer: What is 91 plus 46?,131
Solve the following and respond with only the final answer: What is 45 plus 62?,Solve the following and respond with only the final answer: What is 45 plus 31?,107
Solve the following and respond with only the final answer: What is 49 plus 33?,Solve the following and respond with only the final answer: What is 49 plus 19?,82
Solve the following and respond with only the final answer: What is 68 plus 41?,Solve the following and respond with only the final answer: What is 68 plus 25?,109
Solve the following and respond with only the final answer: What is 37 plus 99?,Solve the following and respond with only the final answer: What is 37 plus 31?,136
Solve the following and respond with only the final answer: What is 69 plus 25?,Solve the following and respond with only the final answer: What is 69 plus 92?,94
Solve the following and respond with only the final answer: What is 16 plus 87?,Solve the following and respond with only the final answer: What is 16 plus 65?,103
Solve the following and respond with only the final answer: What is 96 plus 48?,Solve the following and respond with only the final answer: What is 96 plus 55?,144
Solve the following and respond with only the final answer: What is 79 plus 17?,Solve the following and respond with only the final answer: What is 79 plus 12?,96
Solve the following and respond with only the final answer: What is 84 plus 73?,Solve the following and respond with only the final answer: What is 84 plus 70?,157
Solve the following and respond with only the final answer: What is 91 plus 77?,Solve the following and respond with only the final answer: What is 91 plus 70?,168
Solve the following and respond with only the final answer: What is 52 plus 63?,Solve the following and respond with only the final answer: What is 52 plus 43?,115
Solve the following and respond with only the final answer: What is 58 plus 57?,Solve the following and respond with only the final answer: What is 58 plus 42?,115
Solve the following and respond with only the final answer: What is 66 plus 83?,Solve the following and respond with only the final answer: What is 66 plus 33?,149
Solve the following and respond with only the final answer: What is 90 plus 10?,Solve the following and respond with only the final answer: What is 90 plus 69?,100
Solve the following and respond with only the final answer: What is 26 plus 43?,Solve the following and respond with only the final answer: What is 26 plus 94?,69
Solve the following and respond with only the final answer: What is 60 plus 82?,Solve the following and respond with only the final answer: What is 60 plus 24?,142
Solve the following and respond with only the final answer: What is 24 plus 91?,Solve the following and respond with only the final answer: What is 24 plus 54?,115
Solve the following and respond with only the final answer: What is 77 plus 45?,Solve the following and respond with only the final answer: What is 77 plus 40?,122
Solve the following and respond with only the final answer: What is 34 plus 81?,Solve the following and respond with only the final answer: What is 34 plus 38?,115
Solve the following and respond with only the final answer: What is 33 plus 78?,Solve the following and respond with only the final answer: What is 33 plus 72?,111
Solve the following and respond with only the final answer: What is 78 plus 15?,Solve the following and respond with only the final answer: What is 78 plus 71?,93
Solve the following and respond with only the final answer: What is 15 plus 21?,Solve the following and respond with only the final answer: What is 15 plus 28?,36
Solve the following and respond with only the final answer: What is 76 plus 47?,Solve the following and respond with only the final answer: What is 76 plus 26?,123
Solve the following and respond with only the final answer: What is 97 plus 38?,Solve the following and respond with only the final answer: What is 97 plus 53?,135
Solve the following and respond with only the final answer: What is 30 plus 81?,Solve the following and respond with only the final answer: What is 30 plus 56?,111
Solve the following and respond with only the final answer: What is 88 plus 34?,Solve the following and respond with only the final answer: What is 88 plus 89?,122
Solve the following and respond with only the final answer: What is 26 plus 11?,Solve the following and respond with only the final answer: What is 26 plus 54?,37
Solve the following and respond with only the final answer: What is 36 plus 33?,Solve the following and respond with only the final answer: What is 36 plus 27?,69
Solve the following and respond with only the final answer: What is 74 plus 57?,Solve the following and respond with only the final answer: What is 74 plus 85?,131
Solve the following and respond with only the final answer: What is 36 plus 69?,Solve the following and respond with only the final answer: What is 36 plus 61?,105
Solve the following and respond with only the final answer: What is 79 plus 14?,Solve the following and respond with only the final answer: What is 79 plus 91?,93
Solve the following and respond with only the final answer: What is 17 plus 54?,Solve the following and respond with only the final answer: What is 17 plus 55?,71
Solve the following and respond with only the final answer: What is 68 plus 83?,Solve the following and respond with only the final answer: What is 68 plus 13?,151
Solve the following and respond with only the final answer: What is 69 plus 68?,Solve the following and respond with only the final answer: What is 69 plus 74?,137
Solve the following and respond with only the final answer: What is 72 plus 77?,Solve the following and respond with only the final answer: What is 72 plus 83?,149
Solve the following and respond with only the final answer: What is 95 plus 41?,Solve the following and respond with only the final answer: What is 95 plus 49?,136
Solve the following and respond with only the final answer: What is 38 plus 67?,Solve the following and respond with only the final answer: What is 38 plus 59?,105
Solve the following and respond with only the final answer: What is 24 plus 48?,Solve the following and respond with only the final answer: What is 24 plus 97?,72
Solve the following and respond with only the final answer: What is 36 plus 60?,Solve the following and respond with only the final answer: What is 36 plus 30?,96
Solve the following and respond with only the final answer: What is 70 plus 35?,Solve the following and respond with only the final answer: What is 70 plus 10?,105
Solve the following and respond with only the final answer: What is 28 plus 63?,Solve the following and respond with only the final answer: What is 28 plus 66?,91
Solve the following and respond with only the final answer: What is 23 plus 14?,Solve the following and respond with only the final answer: What is 23 plus 64?,37
Solve the following and respond with only the final answer: What is 44 plus 86?,Solve the following and respond with only the final answer: What is 44 plus 34?,130
Solve the following and respond with only the final answer: What is 92 plus 52?,Solve the following and respond with only the final answer: What is 92 plus 29?,144
Solve the following and respond with only the final answer: What is 95 plus 21?,Solve the following and respond with only the final answer: What is 95 plus 40?,116
Solve the following and respond with only the final answer: What is 97 plus 60?,Solve the following and respond with only the final answer: What is 97 plus 12?,157
Solve the following and respond with only the final answer: What is 18 plus 57?,Solve the following and respond with only the final answer: What is 18 plus 57?,75
Solve the following and respond with only the final answer: What is 68 plus 92?,Solve the following and respond with only the final answer: What is 68 plus 19?,160
Solve the following and respond with only the final answer: What is 88 plus 25?,Solve the following and respond with only the final answer: What is 88 plus 80?,113
Solve the following and respond with only the final answer: What is 50 plus 67?,Solve the following and respond with only the final answer: What is 50 plus 87?,117
Solve the following and respond with only the final answer: What is 53 plus 61?,Solve the following and respond with only the final answer: What is 53 plus 72?,114
Solve the following and respond with only the final answer: What is 98 plus 29?,Solve the following and respond with only the final answer: What is 98 plus 28?,127
Solve the following and respond with only the final answer: What is 48 plus 62?,Solve the following and respond with only the final answer: What is 48 plus 67?,110
Solve the following and respond with only the final answer: What is 24 plus 34?,Solve the following and respond with only the final answer: What is 24 plus 26?,58
Solve the following and respond with only the final answer: What is 73 plus 41?,Solve the following and respond with only the final answer: What is 73 plus 68?,114
Solve the following and respond with only the final answer: What is 86 plus 15?,Solve the following and respond with only the final answer: What is 86 plus 92?,101
Solve the following and respond with only the final answer: What is 72 plus 21?,Solve the following and respond with only the final answer: What is 72 plus 30?,93
Solve the following and respond with only the final answer: What is 41 plus 54?,Solve the following and respond with only the final answer: What is 41 plus 67?,95
Solve the following and respond with only the final answer: What is 37 plus 56?,Solve the following and respond with only the final answer: What is 37 plus 80?,93
Solve the following and respond with only the final answer: What is 58 plus 65?,Solve the following and respond with only the final answer: What is 58 plus 52?,123
Solve the following and respond with only the final answer: What is 87 plus 66?,Solve the following and respond with only the final answer: What is 87 plus 37?,153
Solve the following and respond with only the final answer: What is 14 plus 64?,Solve the following and respond with only the final answer: What is 14 plus 36?,78
Solve the following and respond with only the final answer: What is 35 plus 98?,Solve the following and respond with only the final answer: What is 35 plus 91?,133
Solve the following and respond with only the final answer: What is 64 plus 91?,Solve the following and respond with only the final answer: What is 64 plus 26?,155
Solve the following and respond with only the final answer: What is 67 plus 55?,Solve the following and respond with only the final answer: What is 67 plus 18?,122
Solve the following and respond with only the final answer: What is 26 plus 58?,Solve the following and respond with only the final answer: What is 26 plus 41?,84
Solve the following and respond with only the final answer: What is 64 plus 81?,Solve the following and respond with only the final answer: What is 64 plus 82?,145
Solve the following and respond with only the final answer: What is 60 plus 32?,Solve the following and respond with only the final answer: What is 60 plus 48?,92
Solve the following and respond with only the final answer: What is 53 plus 10?,Solve the following and respond with only the final answer: What is 53 plus 17?,63
Solve the following and respond with only the final answer: What is 98 plus 97?,Solve the following and respond with only the final answer: What is 98 plus 78?,195
Solve the following and respond with only the final answer: What is 71 plus 48?,Solve the following and respond with only the final answer: What is 71 plus 41?,119
Solve the following and respond with only the final answer: What is 78 plus 27?,Solve the following and respond with only the final answer: What is 78 plus 79?,105
Solve the following and respond with only the final answer: What is 10 plus 52?,Solve the following and respond with only the final answer: What is 10 plus 23?,62
Solve the following and respond with only the final answer: What is 38 plus 80?,Solve the following and respond with only the final answer: What is 38 plus 29?,118
Solve the following and respond with only the final answer: What is 56 plus 75?,Solve the following and respond with only the final answer: What is 56 plus 31?,131
Solve the following and respond with only the final answer: What is 60 plus 51?,Solve the following and respond with only the final answer: What is 60 plus 30?,111
Solve the following and respond with only the final answer: What is 90 plus 52?,Solve the following and respond with only the final answer: What is 90 plus 65?,142
Solve the following and respond with only the final answer: What is 61 plus 67?,Solve the following and respond with only the final answer: What is 61 plus 34?,128
Solve the following and respond with only the final answer: What is 58 plus 16?,Solve the following and respond with only the final answer: What is 58 plus 41?,74
Solve the following and respond with only the final answer: What is 51 plus 94?,Solve the following and respond with only the final answer: What is 51 plus 73?,145
Solve the following and respond with only the final answer: What is 29 plus 16?,Solve the following and respond with only the final answer: What is 29 plus 24?,45
Solve the following and respond with only the final answer: What is 97 plus 32?,Solve the following and respond with only the final answer: What is 97 plus 50?,129
Solve the following and respond with only the final answer: What is 98 plus 35?,Solve the following and respond with only the final answer: What is 98 plus 66?,133
Solve the following and respond with only the final answer: What is 46 plus 53?,Solve the following and respond with only the final answer: What is 46 plus 17?,99
Solve the following and respond with only the final answer: What is 60 plus 17?,Solve the following and respond with only the final answer: What is 60 plus 35?,77
Solve the following and respond with only the final answer: What is 36 plus 78?,Solve the following and respond with only the final answer: What is 36 plus 40?,114
Solve the following and respond with only the final answer: What is 38 plus 14?,Solve the following and respond with only the final answer: What is 38 plus 73?,52
Solve the following and respond with only the final answer: What is 33 plus 60?,Solve the following and respond with only the final answer: What is 33 plus 41?,93
Solve the following and respond with only the final answer: What is 31 plus 96?,Solve the following and respond with only the final answer: What is 31 plus 11?,127
Solve the following and respond with only the final answer: What is 50 plus 94?,Solve the following and respond with only the final answer: What is 50 plus 42?,144
Solve the following and respond with only the final answer: What is 36 plus 87?,Solve the following and respond with only the final answer: What is 36 plus 37?,123
Solve the following and respond with only the final answer: What is 24 plus 82?,Solve the following and respond with only the final answer: What is 24 plus 98?,106
Solve the following and respond with only the final answer: What is 99 plus 21?,Solve the following and respond with only the final answer: What is 99 plus 41?,120
Solve the following and respond with only the final answer: What is 31 plus 43?,Solve the following and respond with only the final answer: What is 31 plus 54?,74
Solve the following and respond with only the final answer: What is 22 plus 31?,Solve the following and respond with only the final answer: What is 22 plus 38?,53
Solve the following and respond with only the final answer: What is 77 plus 56?,Solve the following and respond with only the final answer: What is 77 plus 14?,133
Solve the following and respond with only the final answer: What is 95 plus 82?,Solve the following and respond with only the final answer: What is 95 plus 13?,177
Solve the following and respond with only the final answer: What is 57 plus 32?,Solve the following and respond with only the final answer: What is 57 plus 69?,89
Solve the following and respond with only the final answer: What is 95 plus 96?,Solve the following and respond with only the final answer: What is 95 plus 95?,191
Solve the following and respond with only the final answer: What is 23 plus 95?,Solve the following and respond with only the final answer: What is 23 plus 38?,118
Solve the following and respond with only the final answer: What is 74 plus 21?,Solve the following and respond with only the final answer: What is 74 plus 26?,95
Solve the following and respond with only the final answer: What is 25 plus 34?,Solve the following and respond with only the final answer: What is 25 plus 12?,59
Solve the following and respond with only the final answer: What is 31 plus 88?,Solve the following and respond with only the final answer: What is 31 plus 25?,119
Solve the following and respond with only the final answer: What is 92 plus 44?,Solve the following and respond with only the final answer: What is 92 plus 18?,136
Solve the following and respond with only the final answer: What is 83 plus 20?,Solve the following and respond with only the final answer: What is 83 plus 42?,103
Solve the following and respond with only the final answer: What is 34 plus 70?,Solve the following and respond with only the final answer: What is 34 plus 97?,104
Solve the following and respond with only the final answer: What is 61 plus 78?,Solve the following and respond with only the final answer: What is 61 plus 64?,139
Solve the following and respond with only the final answer: What is 36 plus 53?,Solve the following and respond with only the final answer: What is 36 plus 59?,89
Solve the following and respond with only the final answer: What is 56 plus 21?,Solve the following and respond with only the final answer: What is 56 plus 22?,77
Solve the following and respond with only the final answer: What is 12 plus 51?,Solve the following and respond with only the final answer: What is 12 plus 65?,63
Solve the following and respond with only the final answer: What is 76 plus 62?,Solve the following and respond with only the final answer: What is 76 plus 36?,138
Solve the following and respond with only the final answer: What is 49 plus 62?,Solve the following and respond with only the final answer: What is 49 plus 62?,111
Solve the following and respond with only the final answer: What is 18 plus 41?,Solve the following and respond with only the final answer: What is 18 plus 81?,59
Solve the following and respond with only the final answer: What is 35 plus 94?,Solve the following and respond with only the final answer: What is 35 plus 36?,129
Solve the following and respond with only the final answer: What is 43 plus 95?,Solve the following and respond with only the final answer: What is 43 plus 77?,138
Solve the following and respond with only the final answer: What is 53 plus 13?,Solve the following and respond with only the final answer: What is 53 plus 27?,66
Solve the following and respond with only the final answer: What is 70 plus 41?,Solve the following and respond with only the final answer: What is 70 plus 28?,111
Solve the following and respond with only the final answer: What is 93 plus 61?,Solve the following and respond with only the final answer: What is 93 plus 30?,154
Solve the following and respond with only the final answer: What is 92 plus 62?,Solve the following and respond with only the final answer: What is 92 plus 58?,154
Solve the following and respond with only the final answer: What is 65 plus 58?,Solve the following and respond with only the final answer: What is 65 plus 31?,123
Solve the following and respond with only the final answer: What is 52 plus 25?,Solve the following and respond with only the final answer: What is 52 plus 97?,77
Solve the following and respond with only the final answer: What is 96 plus 57?,Solve the following and respond with only the final answer: What is 96 plus 94?,153
Solve the following and respond with only the final answer: What is 15 plus 99?,Solve the following and respond with only the final answer: What is 15 plus 83?,114
Solve the following and respond with only the final answer: What is 49 plus 90?,Solve the following and respond with only the final answer: What is 49 plus 48?,139
Solve the following and respond with only the final answer: What is 39 plus 51?,Solve the following and respond with only the final answer: What is 39 plus 70?,90
Solve the following and respond with only the final answer: What is 95 plus 28?,Solve the following and respond with only the final answer: What is 95 plus 62?,123
Solve the following and respond with only the final answer: What is 74 plus 37?,Solve the following and respond with only the final answer: What is 74 plus 26?,111
Solve the following and respond with only the final answer: What is 75 plus 86?,Solve the following and respond with only the final answer: What is 75 plus 96?,161
Solve the following and respond with only the final answer: What is 50 plus 10?,Solve the following and respond with only the final answer: What is 50 plus 74?,60
Solve the following and respond with only the final answer: What is 26 plus 90?,Solve the following and respond with only the final answer: What is 26 plus 64?,116
Solve the following and respond with only the final answer: What is 65 plus 93?,Solve the following and respond with only the final answer: What is 65 plus 67?,158
Solve the following and respond with only the final answer: What is 61 plus 95?,Solve the following and respond with only the final answer: What is 61 plus 87?,156
Solve the following and respond with only the final answer: What is 59 plus 31?,Solve the following and respond with only the final answer: What is 59 plus 74?,90
Solve the following and respond with only the final answer: What is 62 plus 99?,Solve the following and respond with only the final answer: What is 62 plus 29?,161
Solve the following and respond with only the final answer: What is 33 plus 63?,Solve the following and respond with only the final answer: What is 33 plus 74?,96
Solve the following and respond with only the final answer: What is 60 plus 55?,Solve the following and respond with only the final answer: What is 60 plus 69?,115
Solve the following and respond with only the final answer: What is 22 plus 89?,Solve the following and respond with only the final answer: What is 22 plus 46?,111
Solve the following and respond with only the final answer: What is 88 plus 66?,Solve the following and respond with only the final answer: What is 88 plus 47?,154
Solve the following and respond with only the final answer: What is 74 plus 32?,Solve the following and respond with only the final answer: What is 74 plus 61?,106
Solve the following and respond with only the final answer: What is 57 plus 18?,Solve the following and respond with only the final answer: What is 57 plus 12?,75
Solve the following and respond with only the final answer: What is 59 plus 50?,Solve the following and respond with only the final answer: What is 59 plus 85?,109
Solve the following and respond with only the final answer: What is 99 plus 21?,Solve the following and respond with only the final answer: What is 99 plus 66?,120
Solve the following and respond with only the final answer: What is 68 plus 11?,Solve the following and respond with only the final answer: What is 68 plus 84?,79
Solve the following and respond with only the final answer: What is 47 plus 85?,Solve the following and respond with only the final answer: What is 47 plus 45?,132
Solve the following and respond with only the final answer: What is 13 plus 37?,Solve the following and respond with only the final answer: What is 13 plus 51?,50
Solve the following and respond with only the final answer: What is 93 plus 78?,Solve the following and respond with only the final answer: What is 93 plus 96?,171
Solve the following and respond with only the final answer: What is 17 plus 39?,Solve the following and respond with only the final answer: What is 17 plus 12?,56
Solve the following and respond with only the final answer: What is 11 plus 58?,Solve the following and respond with only the final answer: What is 11 plus 31?,69
Solve the following and respond with only the final answer: What is 21 plus 34?,Solve the following and respond with only the final answer: What is 21 plus 66?,55
Solve the following and respond with only the final answer: What is 68 plus 39?,Solve the following and respond with only the final answer: What is 68 plus 21?,107
Solve the following and respond with only the final answer: What is 67 plus 23?,Solve the following and respond with only the final answer: What is 67 plus 94?,90
Solve the following and respond with only the final answer: What is 24 plus 51?,Solve the following and respond with only the final answer: What is 24 plus 72?,75
Solve the following and respond with only the final answer: What is 26 plus 78?,Solve the following and respond with only the final answer: What is 26 plus 78?,104
Solve the following and respond with only the final answer: What is 44 plus 49?,Solve the following and respond with only the final answer: What is 44 plus 31?,93
Solve the following and respond with only the final answer: What is 84 plus 85?,Solve the following and respond with only the final answer: What is 84 plus 51?,169
Solve the following and respond with only the final answer: What is 52 plus 99?,Solve the following and respond with only the final answer: What is 52 plus 48?,151
Solve the following and respond with only the final answer: What is 27 plus 78?,Solve the following and respond with only the final answer: What is 27 plus 33?,105
Solve the following and respond with only the final answer: What is 19 plus 36?,Solve the following and respond with only the final answer: What is 19 plus 54?,55
Solve the following and respond with only the final answer: What is 63 plus 74?,Solve the following and respond with only the final answer: What is 63 plus 70?,137
Solve the following and respond with only the final answer: What is 54 plus 89?,Solve the following and respond with only the final answer: What is 54 plus 67?,143
Solve the following and respond with only the final answer: What is 64 plus 11?,Solve the following and respond with only the final answer: What is 64 plus 95?,75
Solve the following and respond with only the final answer: What is 92 plus 79?,Solve the following and respond with only the final answer: What is 92 plus 39?,171
Solve the following and respond with only the final answer: What is 74 plus 80?,Solve the following and respond with only the final answer: What is 74 plus 31?,154
Solve the following and respond with only the final answer: What is 28 plus 40?,Solve the following and respond with only the final answer: What is 28 plus 59?,68
Solve the following and respond with only the final answer: What is 16 plus 37?,Solve the following and respond with only the final answer: What is 16 plus 12?,53
Solve the following and respond with only the final answer: What is 49 plus 42?,Solve the following and respond with only the final answer: What is 49 plus 11?,91
Solve the following and respond with only the final answer: What is 34 plus 43?,Solve the following and respond with only the final answer: What is 34 plus 35?,77
Solve the following and respond with only the final answer: What is 39 plus 11?,Solve the following and respond with only the final answer: What is 39 plus 24?,50
Solve the following and respond with only the final answer: What is 57 plus 33?,Solve the following and respond with only the final answer: What is 57 plus 33?,90
Solve the following and respond with only the final answer: What is 92 plus 91?,Solve the following and respond with only the final answer: What is 92 plus 25?,183
Solve the following and respond with only the final answer: What is 34 plus 56?,Solve the following and respond with only the final answer: What is 34 plus 21?,90
Solve the following and respond with only the final answer: What is 71 plus 72?,Solve the following and respond with only the final answer: What is 71 plus 41?,143
Solve the following and respond with only the final answer: What is 37 plus 96?,Solve the following and respond with only the final answer: What is 37 plus 69?,133
Solve the following and respond with only the final answer: What is 51 plus 79?,Solve the following and respond with only the final answer: What is 51 plus 98?,130
Solve the following and respond with only the final answer: What is 23 plus 95?,Solve the following and respond with only the final answer: What is 23 plus 72?,118
Solve the following and respond with only the final answer: What is 74 plus 92?,Solve the following and respond with only the final answer: What is 74 plus 36?,166
Solve the following and respond with only the final answer: What is 90 plus 94?,Solve the following and respond with only the final answer: What is 90 plus 58?,184
Solve the following and respond with only the final answer: What is 65 plus 17?,Solve the following and respond with only the final answer: What is 65 plus 34?,82
Solve the following and respond with only the final answer: What is 66 plus 41?,Solve the following and respond with only the final answer: What is 66 plus 51?,107
Solve the following and respond with only the final answer: What is 25 plus 66?,Solve the following and respond with only the final answer: What is 25 plus 14?,91
Solve the following and respond with only the final answer: What is 31 plus 41?,Solve the following and respond with only the final answer: What is 31 plus 66?,72
Solve the following and respond with only the final answer: What is 38 plus 53?,Solve the following and respond with only the final answer: What is 38 plus 67?,91
Solve the following and respond with only the final answer: What is 32 plus 27?,Solve the following and respond with only the final answer: What is 32 plus 23?,59
Solve the following and respond with only the final answer: What is 83 plus 80?,Solve the following and respond with only the final answer: What is 83 plus 59?,163
Solve the following and respond with only the final answer: What is 91 plus 51?,Solve the following and respond with only the final answer: What is 91 plus 64?,142
Solve the following and respond with only the final answer: What is 69 plus 48?,Solve the following and respond with only the final answer: What is 69 plus 58?,117
Solve the following and respond with only the final answer: What is 67 plus 80?,Solve the following and respond with only the final answer: What is 67 plus 40?,147
Solve the following and respond with only the final answer: What is 48 plus 91?,Solve the following and respond with only the final answer: What is 48 plus 63?,139
Solve the following and respond with only the final answer: What is 11 plus 69?,Solve the following and respond with only the final answer: What is 11 plus 12?,80
Solve the following and respond with only the final answer: What is 41 plus 57?,Solve the following and respond with only the final answer: What is 41 plus 91?,98
Solve the following and respond with only the final answer: What is 94 plus 36?,Solve the following and respond with only the final answer: What is 94 plus 27?,130
Solve the following and respond with only the final answer: What is 42 plus 65?,Solve the following and respond with only the final answer: What is 42 plus 99?,107
Solve the following and respond with only the final answer: What is 91 plus 76?,Solve the following and respond with only the final answer: What is 91 plus 71?,167
Solve the following and respond with only the final answer: What is 90 plus 74?,Solve the following and respond with only the final answer: What is 90 plus 53?,164
Solve the following and respond with only the final answer: What is 36 plus 89?,Solve the following and respond with only the final answer: What is 36 plus 29?,125
Solve the following and respond with only the final answer: What is 67 plus 71?,Solve the following and respond with only the final answer: What is 67 plus 44?,138
Solve the following and respond with only the final answer: What is 66 plus 15?,Solve the following and respond with only the final answer: What is 66 plus 28?,81
Solve the following and respond with only the final answer: What is 37 plus 61?,Solve the following and respond with only the final answer: What is 37 plus 86?,98
Solve the following and respond with only the final answer: What is 35 plus 85?,Solve the following and respond with only the final answer: What is 35 plus 37?,120
Solve the following and respond with only the final answer: What is 40 plus 55?,Solve the following and respond with only the final answer: What is 40 plus 37?,95
Solve the following and respond with only the final answer: What is 20 plus 19?,Solve the following and respond with only the final answer: What is 20 plus 65?,39
Solve the following and respond with only the final answer: What is 68 plus 77?,Solve the following and respond with only the final answer: What is 68 plus 45?,145
Solve the following and respond with only the final answer: What is 85 plus 78?,Solve the following and respond with only the final answer: What is 85 plus 26?,163
Solve the following and respond with only the final answer: What is 63 plus 24?,Solve the following and respond with only the final answer: What is 63 plus 35?,87
Solve the following and respond with only the final answer: What is 89 plus 39?,Solve the following and respond with only the final answer: What is 89 plus 66?,128
Solve the following and respond with only the final answer: What is 41 plus 70?,Solve the following and respond with only the final answer: What is 41 plus 57?,111
Solve the following and respond with only the final answer: What is 72 plus 12?,Solve the following and respond with only the final answer: What is 72 plus 98?,84
Solve the following and respond with only the final answer: What is 91 plus 21?,Solve the following and respond with only the final answer: What is 91 plus 93?,112
Solve the following and respond with only the final answer: What is 96 plus 38?,Solve the following and respond with only the final answer: What is 96 plus 86?,134
Solve the following and respond with only the final answer: What is 10 plus 58?,Solve the following and respond with only the final answer: What is 10 plus 11?,68
Solve the following and respond with only the final answer: What is 42 plus 30?,Solve the following and respond with only the final answer: What is 42 plus 90?,72
Solve the following and respond with only the final answer: What is 47 plus 93?,Solve the following and respond with only the final answer: What is 47 plus 30?,140
Solve the following and respond with only the final answer: What is 64 plus 89?,Solve the following and respond with only the final answer: What is 64 plus 23?,153
Solve the following and respond with only the final answer: What is 32 plus 80?,Solve the following and respond with only the final answer: What is 32 plus 68?,112
Solve the following and respond with only the final answer: What is 70 plus 74?,Solve the following and respond with only the final answer: What is 70 plus 20?,144
Solve the following and respond with only the final answer: What is 36 plus 20?,Solve the following and respond with only the final answer: What is 36 plus 42?,56
Solve the following and respond with only the final answer: What is 34 plus 31?,Solve the following and respond with only the final answer: What is 34 plus 47?,65
Solve the following and respond with only the final answer: What is 40 plus 47?,Solve the following and respond with only the final answer: What is 40 plus 54?,87
Solve the following and respond with only the final answer: What is 96 plus 67?,Solve the following and respond with only the final answer: What is 96 plus 65?,163
Solve the following and respond with only the final answer: What is 29 plus 75?,Solve the following and respond with only the final answer: What is 29 plus 87?,104
Solve the following and respond with only the final answer: What is 96 plus 69?,Solve the following and respond with only the final answer: What is 96 plus 87?,165
Solve the following and respond with only the final answer: What is 53 plus 28?,Solve the following and respond with only the final answer: What is 53 plus 42?,81
Solve the following and respond with only the final answer: What is 55 plus 39?,Solve the following and respond with only the final answer: What is 55 plus 38?,94
Solve the following and respond with only the final answer: What is 99 plus 80?,Solve the following and respond with only the final answer: What is 99 plus 44?,179
Solve the following and respond with only the final answer: What is 33 plus 71?,Solve the following and respond with only the final answer: What is 33 plus 40?,104
Solve the following and respond with only the final answer: What is 13 plus 37?,Solve the following and respond with only the final answer: What is 13 plus 29?,50
Solve the following and respond with only the final answer: What is 33 plus 86?,Solve the following and respond with only the final answer: What is 33 plus 94?,119
Solve the following and respond with only the final answer: What is 94 plus 45?,Solve the following and respond with only the final answer: What is 94 plus 39?,139
Solve the following and respond with only the final answer: What is 15 plus 44?,Solve the following and respond with only the final answer: What is 15 plus 55?,59
Solve the following and respond with only the final answer: What is 62 plus 27?,Solve the following and respond with only the final answer: What is 62 plus 44?,89
Solve the following and respond with only the final answer: What is 28 plus 23?,Solve the following and respond with only the final answer: What is 28 plus 36?,51
Solve the following and respond with only the final answer: What is 99 plus 11?,Solve the following and respond with only the final answer: What is 99 plus 23?,110
Solve the following and respond with only the final answer: What is 88 plus 98?,Solve the following and respond with only the final answer: What is 88 plus 20?,186
Solve the following and respond with only the final answer: What is 76 plus 17?,Solve the following and respond with only the final answer: What is 76 plus 20?,93
Solve the following and respond with only the final answer: What is 45 plus 94?,Solve the following and respond with only the final answer: What is 45 plus 11?,139
Solve the following and respond with only the final answer: What is 50 plus 60?,Solve the following and respond with only the final answer: What is 50 plus 75?,110
Solve the following and respond with only the final answer: What is 38 plus 75?,Solve the following and respond with only the final answer: What is 38 plus 55?,113
Solve the following and respond with only the final answer: What is 11 plus 81?,Solve the following and respond with only the final answer: What is 11 plus 17?,92
Solve the following and respond with only the final answer: What is 56 plus 67?,Solve the following and respond with only the final answer: What is 56 plus 13?,123
Solve the following and respond with only the final answer: What is 41 plus 42?,Solve the following and respond with only the final answer: What is 41 plus 42?,83
Solve the following and respond with only the final answer: What is 64 plus 56?,Solve the following and respond with only the final answer: What is 64 plus 71?,120
Solve the following and respond with only the final answer: What is 32 plus 41?,Solve the following and respond with only the final answer: What is 32 plus 57?,73
Solve the following and respond with only the final answer: What is 12 plus 59?,Solve the following and respond with only the final answer: What is 12 plus 41?,71
Solve the following and respond with only the final answer: What is 23 plus 39?,Solve the following and respond with only the final answer: What is 23 plus 39?,62
Solve the following and respond with only the final answer: What is 33 plus 98?,Solve the following and respond with only the final answer: What is 33 plus 50?,131
Solve the following and respond with only the final answer: What is 68 plus 84?,Solve the following and respond with only the final answer: What is 68 plus 81?,152
Solve the following and respond with only the final answer: What is 71 plus 89?,Solve the following and respond with only the final answer: What is 71 plus 27?,160
Solve the following and respond with only the final answer: What is 55 plus 41?,Solve the following and respond with only the final answer: What is 55 plus 75?,96
Solve the following and respond with only the final answer: What is 57 plus 72?,Solve the following and respond with only the final answer: What is 57 plus 12?,129
Solve the following and respond with only the final answer: What is 77 plus 33?,Solve the following and respond with only the final answer: What is 77 plus 67?,110
Solve the following and respond with only the final answer: What is 80 plus 39?,Solve the following and respond with only the final answer: What is 80 plus 67?,119
Solve the following and respond with only the final answer: What is 23 plus 44?,Solve the following and respond with only the final answer: What is 23 plus 56?,67
Solve the following and respond with only the final answer: What is 64 plus 64?,Solve the following and respond with only the final answer: What is 64 plus 94?,128
Solve the following and respond with only the final answer: What is 99 plus 71?,Solve the following and respond with only the final answer: What is 99 plus 13?,170
Solve the following and respond with only the final answer: What is 91 plus 11?,Solve the following and respond with only the final answer: What is 91 plus 79?,102
Solve the following and respond with only the final answer: What is 23 plus 62?,Solve the following and respond with only the final answer: What is 23 plus 26?,85
Solve the following and respond with only the final answer: What is 41 plus 10?,Solve the following and respond with only the final answer: What is 41 plus 25?,51
Solve the following and respond with only the final answer: What is 48 plus 73?,Solve the following and respond with only the final answer: What is 48 plus 98?,121
Solve the following and respond with only the final answer: What is 26 plus 33?,Solve the following and respond with only the final answer: What is 26 plus 75?,59
Solve the following and respond with only the final answer: What is 25 plus 95?,Solve the following and respond with only the final answer: What is 25 plus 36?,120
Solve the following and respond with only the final answer: What is 59 plus 68?,Solve the following and respond with only the final answer: What is 59 plus 70?,127
Solve the following and respond with only the final answer: What is 42 plus 10?,Solve the following and respond with only the final answer: What is 42 plus 73?,52
Solve the following and respond with only the final answer: What is 45 plus 28?,Solve the following and respond with only the final answer: What is 45 plus 27?,73
Solve the following and respond with only the final answer: What is 33 plus 35?,Solve the following and respond with only the final answer: What is 33 plus 71?,68
Solve the following and respond with only the final answer: What is 12 plus 59?,Solve the following and respond with only the final answer: What is 12 plus 58?,71
Solve the following and respond with only the final answer: What is 68 plus 83?,Solve the following and respond with only the final answer: What is 68 plus 94?,151
Solve the following and respond with only the final answer: What is 66 plus 30?,Solve the following and respond with only the final answer: What is 66 plus 62?,96
Solve the following and respond with only the final answer: What is 88 plus 90?,Solve the following and respond with only the final answer: What is 88 plus 34?,178
Solve the following and respond with only the final answer: What is 69 plus 64?,Solve the following and respond with only the final answer: What is 69 plus 44?,133
Solve the following and respond with only the final answer: What is 27 plus 54?,Solve the following and respond with only the final answer: What is 27 plus 43?,81
Solve the following and respond with only the final answer: What is 44 plus 47?,Solve the following and respond with only the final answer: What is 44 plus 78?,91
Solve the following and respond with only the final answer: What is 31 plus 18?,Solve the following and respond with only the final answer: What is 31 plus 58?,49
Solve the following and respond with only the final answer: What is 89 plus 70?,Solve the following and respond with only the final answer: What is 89 plus 10?,159
Solve the following and respond with only the final answer: What is 42 plus 45?,Solve the following and respond with only the final answer: What is 42 plus 12?,87
Solve the following and respond with only the final answer: What is 81 plus 27?,Solve the following and respond with only the final answer: What is 81 plus 30?,108
Solve the following and respond with only the final answer: What is 39 plus 76?,Solve the following and respond with only the final answer: What is 39 plus 74?,115
Solve the following and respond with only the final answer: What is 12 plus 89?,Solve the following and respond with only the final answer: What is 12 plus 92?,101
Solve the following and respond with only the final answer: What is 47 plus 62?,Solve the following and respond with only the final answer: What is 47 plus 13?,109
Solve the following and respond with only the final answer: What is 71 plus 69?,Solve the following and respond with only the final answer: What is 71 plus 50?,140
Solve the following and respond with only the final answer: What is 42 plus 51?,Solve the following and respond with only the final answer: What is 42 plus 30?,93
Solve the following and respond with only the final answer: What is 18 plus 51?,Solve the following and respond with only the final answer: What is 18 plus 48?,69
Solve the following and respond with only the final answer: What is 58 plus 67?,Solve the following and respond with only the final answer: What is 58 plus 59?,125
Solve the following and respond with only the final answer: What is 38 plus 58?,Solve the following and respond with only the final answer: What is 38 plus 47?,96
Solve the following and respond with only the final answer: What is 72 plus 43?,Solve the following and respond with only the final answer: What is 72 plus 90?,115
Solve the following and respond with only the final answer: What is 55 plus 94?,Solve the following and respond with only the final answer: What is 55 plus 24?,149
Solve the following and respond with only the final answer: What is 73 plus 77?,Solve the following and respond with only the final answer: What is 73 plus 46?,150
Solve the following and respond with only the final answer: What is 21 plus 63?,Solve the following and respond with only the final answer: What is 21 plus 74?,84
Solve the following and respond with only the final answer: What is 34 plus 14?,Solve the following and respond with only the final answer: What is 34 plus 24?,48
Solve the following and respond with only the final answer: What is 97 plus 33?,Solve the following and respond with only the final answer: What is 97 plus 47?,130
Solve the following and respond with only the final answer: What is 49 plus 26?,Solve the following and respond with only the final answer: What is 49 plus 76?,75
Solve the following and respond with only the final answer: What is 53 plus 15?,Solve the following and respond with only the final answer: What is 53 plus 76?,68
Solve the following and respond with only the final answer: What is 41 plus 79?,Solve the following and respond with only the final answer: What is 41 plus 21?,120
Solve the following and respond with only the final answer: What is 99 plus 69?,Solve the following and respond with only the final answer: What is 99 plus 98?,168
Solve the following and respond with only the final answer: What is 19 plus 76?,Solve the following and respond with only the final answer: What is 19 plus 63?,95
Solve the following and respond with only the final answer: What is 40 plus 83?,Solve the following and respond with only the final answer: What is 40 plus 27?,123
Solve the following and respond with only the final answer: What is 81 plus 75?,Solve the following and respond with only the final answer: What is 81 plus 43?,156
Solve the following and respond with only the final answer: What is 27 plus 85?,Solve the following and respond with only the final answer: What is 27 plus 19?,112
Solve the following and respond with only the final answer: What is 51 plus 58?,Solve the following and respond with only the final answer: What is 51 plus 16?,109
Solve the following and respond with only the final answer: What is 91 plus 73?,Solve the following and respond with only the final answer: What is 91 plus 67?,164
Solve the following and respond with only the final answer: What is 98 plus 26?,Solve the following and respond with only the final answer: What is 98 plus 26?,124
Solve the following and respond with only the final answer: What is 12 plus 35?,Solve the following and respond with only the final answer: What is 12 plus 80?,47
Solve the following and respond with only the final answer: What is 14 plus 83?,Solve the following and respond with only the final answer: What is 14 plus 72?,97
Solve the following and respond with only the final answer: What is 23 plus 89?,Solve the following and respond with only the final answer: What is 23 plus 68?,112
Solve the following and respond with only the final answer: What is 96 plus 15?,Solve the following and respond with only the final answer: What is 96 plus 20?,111
Solve the following and respond with only the final answer: What is 69 plus 50?,Solve the following and respond with only the final answer: What is 69 plus 42?,119
Solve the following and respond with only the final answer: What is 99 plus 95?,Solve the following and respond with only the final answer: What is 99 plus 13?,194
Solve the following and respond with only the final answer: What is 25 plus 68?,Solve the following and respond with only the final answer: What is 25 plus 46?,93
Solve the following and respond with only the final answer: What is 25 plus 97?,Solve the following and respond with only the final answer: What is 25 plus 66?,122
Solve the following and respond with only the final answer: What is 60 plus 36?,Solve the following and respond with only the final answer: What is 60 plus 20?,96
Solve the following and respond with only the final answer: What is 47 plus 41?,Solve the following and respond with only the final answer: What is 47 plus 30?,88
Solve the following and respond with only the final answer: What is 86 plus 37?,Solve the following and respond with only the final answer: What is 86 plus 44?,123
Solve the following and respond with only the final answer: What is 12 plus 94?,Solve the following and respond with only the final answer: What is 12 plus 55?,106
Solve the following and respond with only the final answer: What is 10 plus 31?,Solve the following and respond with only the final answer: What is 10 plus 20?,41
Solve the following and respond with only the final answer: What is 31 plus 38?,Solve the following and respond with only the final answer: What is 31 plus 80?,69
Solve the following and respond with only the final answer: What is 52 plus 13?,Solve the following and respond with only the final answer: What is 52 plus 32?,65
Solve the following and respond with only the final answer: What is 62 plus 55?,Solve the following and respond with only the final answer: What is 62 plus 83?,117
Solve the following and respond with only the final answer: What is 82 plus 79?,Solve the following and respond with only the final answer: What is 82 plus 88?,161
Solve the following and respond with only the final answer: What is 93 plus 97?,Solve the following and respond with only the final answer: What is 93 plus 90?,190
Solve the following and respond with only the final answer: What is 10 plus 10?,Solve the following and respond with only the final answer: What is 10 plus 49?,20
Solve the following and respond with only the final answer: What is 52 plus 61?,Solve the following and respond with only the final answer: What is 52 plus 29?,113
Solve the following and respond with only the final answer: What is 31 plus 93?,Solve the following and respond with only the final answer: What is 31 plus 83?,124
Solve the following and respond with only the final answer: What is 80 plus 77?,Solve the following and respond with only the final answer: What is 80 plus 17?,157
Solve the following and respond with only the final answer: What is 77 plus 33?,Solve the following and respond with only the final answer: What is 77 plus 24?,110
Solve the following and respond with only the final answer: What is 91 plus 49?,Solve the following and respond with only the final answer: What is 91 plus 50?,140
Solve the following and respond with only the final answer: What is 57 plus 53?,Solve the following and respond with only the final answer: What is 57 plus 73?,110
Solve the following and respond with only the final answer: What is 82 plus 45?,Solve the following and respond with only the final answer: What is 82 plus 67?,127
Solve the following and respond with only the final answer: What is 47 plus 79?,Solve the following and respond with only the final answer: What is 47 plus 42?,126
Solve the following and respond with only the final answer: What is 95 plus 33?,Solve the following and respond with only the final answer: What is 95 plus 21?,128
Solve the following and respond with only the final answer: What is 50 plus 62?,Solve the following and respond with only the final answer: What is 50 plus 64?,112
Solve the following and respond with only the final answer: What is 26 plus 48?,Solve the following and respond with only the final answer: What is 26 plus 49?,74
Solve the following and respond with only the final answer: What is 18 plus 74?,Solve the following and respond with only the final answer: What is 18 plus 30?,92
Solve the following and respond with only the final answer: What is 92 plus 23?,Solve the following and respond with only the final answer: What is 92 plus 62?,115
Solve the following and respond with only the final answer: What is 93 plus 64?,Solve the following and respond with only the final answer: What is 93 plus 28?,157
Solve the following and respond with only the final answer: What is 75 plus 24?,Solve the following and respond with only the final answer: What is 75 plus 51?,99
Solve the following and respond with only the final answer: What is 32 plus 63?,Solve the following and respond with only the final answer: What is 32 plus 28?,95
Solve the following and respond with only the final answer: What is 21 plus 59?,Solve the following and respond with only the final answer: What is 21 plus 66?,80
Solve the following and respond with only the final answer: What is 64 plus 14?,Solve the following and respond with only the final answer: What is 64 plus 69?,78
Solve the following and respond with only the final answer: What is 52 plus 88?,Solve the following and respond with only the final answer: What is 52 plus 84?,140
Solve the following and respond with only the final answer: What is 56 plus 20?,Solve the following and respond with only the final answer: What is 56 plus 62?,76
Solve the following and respond with only the final answer: What is 58 plus 54?,Solve the following and respond with only the final answer: What is 58 plus 87?,112
Solve the following and respond with only the final answer: What is 77 plus 35?,Solve the following and respond with only the final answer: What is 77 plus 23?,112
Solve the following and respond with only the final answer: What is 37 plus 10?,Solve the following and respond with only the final answer: What is 37 plus 73?,47
Solve the following and respond with only the final answer: What is 47 plus 80?,Solve the following and respond with only the final answer: What is 47 plus 43?,127
Solve the following and respond with only the final answer: What is 42 plus 81?,Solve the following and respond with only the final answer: What is 42 plus 45?,123
Solve the following and respond with only the final answer: What is 25 plus 48?,Solve the following and respond with only the final answer: What is 25 plus 84?,73
Solve the following and respond with only the final answer: What is 58 plus 90?,Solve the following and respond with only the final answer: What is 58 plus 29?,148
Solve the following and respond with only the final answer: What is 33 plus 79?,Solve the following and respond with only the final answer: What is 33 plus 42?,112
Solve the following and respond with only the final answer: What is 55 plus 13?,Solve the following and respond with only the final answer: What is 55 plus 85?,68
Solve the following and respond with only the final answer: What is 92 plus 53?,Solve the following and respond with only the final answer: What is 92 plus 60?,145
Solve the following and respond with only the final answer: What is 74 plus 45?,Solve the following and respond with only the final answer: What is 74 plus 59?,119
Solve the following and respond with only the final answer: What is 35 plus 88?,Solve the following and respond with only the final answer: What is 35 plus 59?,123
Solve the following and respond with only the final answer: What is 15 plus 16?,Solve the following and respond with only the final answer: What is 15 plus 54?,31
Solve the following and respond with only the final answer: What is 23 plus 70?,Solve the following and respond with only the final answer: What is 23 plus 53?,93
Solve the following and respond with only the final answer: What is 78 plus 61?,Solve the following and respond with only the final answer: What is 78 plus 23?,139
Solve the following and respond with only the final answer: What is 33 plus 92?,Solve the following and respond with only the final answer: What is 33 plus 72?,125
Solve the following and respond with only the final answer: What is 40 plus 48?,Solve the following and respond with only the final answer: What is 40 plus 83?,88
Solve the following and respond with only the final answer: What is 63 plus 60?,Solve the following and respond with only the final answer: What is 63 plus 20?,123
Solve the following and respond with only the final answer: What is 35 plus 66?,Solve the following and respond with only the final answer: What is 35 plus 89?,101
Solve the following and respond with only the final answer: What is 69 plus 44?,Solve the following and respond with only the final answer: What is 69 plus 40?,113
Solve the following and respond with only the final answer: What is 28 plus 32?,Solve the following and respond with only the final answer: What is 28 plus 83?,60
Solve the following and respond with only the final answer: What is 12 plus 71?,Solve the following and respond with only the final answer: What is 12 plus 92?,83
Solve the following and respond with only the final answer: What is 58 plus 35?,Solve the following and respond with only the final answer: What is 58 plus 15?,93
Solve the following and respond with only the final answer: What is 81 plus 29?,Solve the following and respond with only the final answer: What is 81 plus 10?,110
Solve the following and respond with only the final answer: What is 23 plus 95?,Solve the following and respond with only the final answer: What is 23 plus 87?,118
Solve the following and respond with only the final answer: What is 32 plus 63?,Solve the following and respond with only the final answer: What is 32 plus 61?,95
Solve the following and respond with only the final answer: What is 72 plus 70?,Solve the following and respond with only the final answer: What is 72 plus 94?,142
Solve the following and respond with only the final answer: What is 42 plus 69?,Solve the following and respond with only the final answer: What is 42 plus 44?,111
Solve the following and respond with only the final answer: What is 49 plus 26?,Solve the following and respond with only the final answer: What is 49 plus 68?,75
Solve the following and respond with only the final answer: What is 31 plus 15?,Solve the following and respond with only the final answer: What is 31 plus 35?,46
Solve the following and respond with only the final answer: What is 65 plus 89?,Solve the following and respond with only the final answer: What is 65 plus 68?,154
Solve the following and respond with only the final answer: What is 15 plus 49?,Solve the following and respond with only the final answer: What is 15 plus 63?,64
Solve the following and respond with only the final answer: What is 77 plus 21?,Solve the following and respond with only the final answer: What is 77 plus 58?,98
Solve the following and respond with only the final answer: What is 39 plus 19?,Solve the following and respond with only the final answer: What is 39 plus 37?,58
Solve the following and respond with only the final answer: What is 19 plus 41?,Solve the following and respond with only the final answer: What is 19 plus 12?,60
Solve the following and respond with only the final answer: What is 79 plus 52?,Solve the following and respond with only the final answer: What is 79 plus 14?,131
Solve the following and respond with only the final answer: What is 62 plus 66?,Solve the following and respond with only the final answer: What is 62 plus 88?,128
Solve the following and respond with only the final answer: What is 34 plus 61?,Solve the following and respond with only the final answer: What is 34 plus 24?,95
Solve the following and respond with only the final answer: What is 72 plus 32?,Solve the following and respond with only the final answer: What is 72 plus 94?,104
Solve the following and respond with only the final answer: What is 20 plus 74?,Solve the following and respond with only the final answer: What is 20 plus 76?,94
Solve the following and respond with only the final answer: What is 73 plus 15?,Solve the following and respond with only the final answer: What is 73 plus 15?,88
Solve the following and respond with only the final answer: What is 70 plus 90?,Solve the following and respond with only the final answer: What is 70 plus 74?,160
Solve the following and respond with only the final answer: What is 41 plus 83?,Solve the following and respond with only the final answer: What is 41 plus 96?,124
Solve the following and respond with only the final answer: What is 21 plus 83?,Solve the following and respond with only the final answer: What is 21 plus 68?,104
Solve the following and respond with only the final answer: What is 20 plus 58?,Solve the following and respond with only the final answer: What is 20 plus 96?,78
Solve the following and respond with only the final answer: What is 93 plus 63?,Solve the following and respond with only the final answer: What is 93 plus 37?,156
Solve the following and respond with only the final answer: What is 47 plus 78?,Solve the following and respond with only the final answer: What is 47 plus 62?,125
Solve the following and respond with only the final answer: What is 49 plus 10?,Solve the following and respond with only the final answer: What is 49 plus 48?,59
Solve the following and respond with only the final answer: What is 18 plus 94?,Solve the following and respond with only the final answer: What is 18 plus 35?,112
Solve the following and respond with only the final answer: What is 64 plus 49?,Solve the following and respond with only the final answer: What is 64 plus 26?,113
Solve the following and respond with only the final answer: What is 98 plus 47?,Solve the following and respond with only the final answer: What is 98 plus 14?,145
Solve the following and respond with only the final answer: What is 55 plus 42?,Solve the following and respond with only the final answer: What is 55 plus 82?,97
Solve the following and respond with only the final answer: What is 46 plus 39?,Solve the following and respond with only the final answer: What is 46 plus 61?,85
Solve the following and respond with only the final answer: What is 76 plus 69?,Solve the following and respond with only the final answer: What is 76 plus 20?,145
Solve the following and respond with only the final answer: What is 12 plus 17?,Solve the following and respond with only the final answer: What is 12 plus 83?,29
Solve the following and respond with only the final answer: What is 98 plus 45?,Solve the following and respond with only the final answer: What is 98 plus 33?,143
Solve the following and respond with only the final answer: What is 97 plus 99?,Solve the following and respond with only the final answer: What is 97 plus 65?,196
Solve the following and respond with only the final answer: What is 96 plus 86?,Solve the following and respond with only the final answer: What is 96 plus 16?,182
Solve the following and respond with only the final answer: What is 45 plus 86?,Solve the following and respond with only the final answer: What is 45 plus 97?,131
Solve the following and respond with only the final answer: What is 70 plus 18?,Solve the following and respond with only the final answer: What is 70 plus 85?,88
Solve the following and respond with only the final answer: What is 94 plus 83?,Solve the following and respond with only the final answer: What is 94 plus 68?,177
Solve the following and respond with only the final answer: What is 89 plus 45?,Solve the following and respond with only the final answer: What is 89 plus 96?,134
Solve the following and respond with only the final answer: What is 35 plus 65?,Solve the following and respond with only the final answer: What is 35 plus 42?,100
Solve the following and respond with only the final answer: What is 78 plus 81?,Solve the following and respond with only the final answer: What is 78 plus 21?,159
Solve the following and respond with only the final answer: What is 52 plus 60?,Solve the following and respond with only the final answer: What is 52 plus 47?,112
Solve the following and respond with only the final answer: What is 59 plus 40?,Solve the following and respond with only the final answer: What is 59 plus 37?,99
Solve the following and respond with only the final answer: What is 73 plus 77?,Solve the following and respond with only the final answer: What is 73 plus 56?,150
Solve the following and respond with only the final answer: What is 41 plus 93?,Solve the following and respond with only the final answer: What is 41 plus 96?,134
Solve the following and respond with only the final answer: What is 59 plus 23?,Solve the following and respond with only the final answer: What is 59 plus 59?,82
Solve the following and respond with only the final answer: What is 73 plus 66?,Solve the following and respond with only the final answer: What is 73 plus 76?,139
Solve the following and respond with only the final answer: What is 77 plus 18?,Solve the following and respond with only the final answer: What is 77 plus 80?,95
Solve the following and respond with only the final answer: What is 64 plus 75?,Solve the following and respond with only the final answer: What is 64 plus 15?,139
Solve the following and respond with only the final answer: What is 85 plus 40?,Solve the following and respond with only the final answer: What is 85 plus 62?,125
Solve the following and respond with only the final answer: What is 65 plus 56?,Solve the following and respond with only the final answer: What is 65 plus 28?,121
Solve the following and respond with only the final answer: What is 33 plus 26?,Solve the following and respond with only the final answer: What is 33 plus 25?,59
Solve the following and respond with only the final answer: What is 94 plus 97?,Solve the following and respond with only the final answer: What is 94 plus 22?,191
Solve the following and respond with only the final answer: What is 85 plus 52?,Solve the following and respond with only the final answer: What is 85 plus 21?,137
Solve the following and respond with only the final answer: What is 91 plus 93?,Solve the following and respond with only the final answer: What is 91 plus 95?,184
Solve the following and respond with only the final answer: What is 15 plus 24?,Solve the following and respond with only the final answer: What is 15 plus 70?,39
Solve the following and respond with only the final answer: What is 97 plus 65?,Solve the following and respond with only the final answer: What is 97 plus 87?,162
Solve the following and respond with only the final answer: What is 12 plus 20?,Solve the following and respond with only the final answer: What is 12 plus 19?,32
Solve the following and respond with only the final answer: What is 84 plus 31?,Solve the following and respond with only the final answer: What is 84 plus 75?,115
Solve the following and respond with only the final answer: What is 24 plus 51?,Solve the following and respond with only the final answer: What is 24 plus 30?,75
Solve the following and respond with only the final answer: What is 27 plus 33?,Solve the following and respond with only the final answer: What is 27 plus 36?,60
Solve the following and respond with only the final answer: What is 54 plus 26?,Solve the following and respond with only the final answer: What is 54 plus 92?,80
Solve the following and respond with only the final answer: What is 66 plus 35?,Solve the following and respond with only the final answer: What is 66 plus 51?,101
Solve the following and respond with only the final answer: What is 26 plus 26?,Solve the following and respond with only the final answer: What is 26 plus 10?,52
Solve the following and respond with only the final answer: What is 31 plus 78?,Solve the following and respond with only the final answer: What is 31 plus 45?,109
Solve the following and respond with only the final answer: What is 73 plus 52?,Solve the following and respond with only the final answer: What is 73 plus 61?,125
Solve the following and respond with only the final answer: What is 68 plus 74?,Solve the following and respond with only the final answer: What is 68 plus 74?,142
Solve the following and respond with only the final answer: What is 79 plus 95?,Solve the following and respond with only the final answer: What is 79 plus 42?,174
Solve the following and respond with only the final answer: What is 36 plus 55?,Solve the following and respond with only the final answer: What is 36 plus 96?,91
Solve the following and respond with only the final answer: What is 47 plus 78?,Solve the following and respond with only the final answer: What is 47 plus 29?,125
Solve the following and respond with only the final answer: What is 12 plus 99?,Solve the following and respond with only the final answer: What is 12 plus 57?,111
Solve the following and respond with only the final answer: What is 56 plus 89?,Solve the following and respond with only the final answer: What is 56 plus 66?,145
Solve the following and respond with only the final answer: What is 29 plus 96?,Solve the following and respond with only the final answer: What is 29 plus 21?,125
Solve the following and respond with only the final answer: What is 84 plus 27?,Solve the following and respond with only the final answer: What is 84 plus 38?,111
Solve the following and respond with only the final answer: What is 17 plus 12?,Solve the following and respond with only the final answer: What is 17 plus 78?,29
Solve the following and respond with only the final answer: What is 27 plus 61?,Solve the following and respond with only the final answer: What is 27 plus 45?,88
Solve the following and respond with only the final answer: What is 13 plus 67?,Solve the following and respond with only the final answer: What is 13 plus 31?,80
Solve the following and respond with only the final answer: What is 29 plus 48?,Solve the following and respond with only the final answer: What is 29 plus 63?,77
Solve the following and respond with only the final answer: What is 41 plus 45?,Solve the following and respond with only the final answer: What is 41 plus 37?,86
Solve the following and respond with only the final answer: What is 21 plus 89?,Solve the following and respond with only the final answer: What is 21 plus 90?,110
Solve the following and respond with only the final answer: What is 28 plus 39?,Solve the following and respond with only the final answer: What is 28 plus 98?,67
Solve the following and respond with only the final answer: What is 54 plus 73?,Solve the following and respond with only the final answer: What is 54 plus 30?,127
Solve the following and respond with only the final answer: What is 82 plus 61?,Solve the following and respond with only the final answer: What is 82 plus 19?,143
Solve the following and respond with only the final answer: What is 13 plus 80?,Solve the following and respond with only the final answer: What is 13 plus 41?,93
Solve the following and respond with only the final answer: What is 20 plus 29?,Solve the following and respond with only the final answer: What is 20 plus 72?,49
Solve the following and respond with only the final answer: What is 65 plus 68?,Solve the following and respond with only the final answer: What is 65 plus 21?,133
Solve the following and respond with only the final answer: What is 49 plus 41?,Solve the following and respond with only the final answer: What is 49 plus 49?,90
Solve the following and respond with only the final answer: What is 90 plus 35?,Solve the following and respond with only the final answer: What is 90 plus 23?,125
Solve the following and respond with only the final answer: What is 94 plus 26?,Solve the following and respond with only the final answer: What is 94 plus 93?,120
Solve the following and respond with only the final answer: What is 45 plus 63?,Solve the following and respond with only the final answer: What is 45 plus 45?,108
Solve the following and respond with only the final answer: What is 48 plus 62?,Solve the following and respond with only the final answer: What is 48 plus 49?,110
Solve the following and respond with only the final answer: What is 73 plus 94?,Solve the following and respond with only the final answer: What is 73 plus 88?,167
Solve the following and respond with only the final answer: What is 95 plus 72?,Solve the following and respond with only the final answer: What is 95 plus 21?,167
Solve the following and respond with only the final answer: What is 24 plus 52?,Solve the following and respond with only the final answer: What is 24 plus 27?,76
Solve the following and respond with only the final answer: What is 44 plus 52?,Solve the following and respond with only the final answer: What is 44 plus 96?,96
Solve the following and respond with only the final answer: What is 72 plus 93?,Solve the following and respond with only the final answer: What is 72 plus 62?,165
Solve the following and respond with only the final answer: What is 51 plus 86?,Solve the following and respond with only the final answer: What is 51 plus 60?,137
Solve the following and respond with only the final answer: What is 31 plus 54?,Solve the following and respond with only the final answer: What is 31 plus 13?,85
Solve the following and respond with only the final answer: What is 49 plus 46?,Solve the following and respond with only the final answer: What is 49 plus 98?,95
Solve the following and respond with only the final answer: What is 16 plus 27?,Solve the following and respond with only the final answer: What is 16 plus 42?,43
Solve the following and respond with only the final answer: What is 50 plus 92?,Solve the following and respond with only the final answer: What is 50 plus 72?,142
Solve the following and respond with only the final answer: What is 64 plus 28?,Solve the following and respond with only the final answer: What is 64 plus 93?,92
Solve the following and respond with only the final answer: What is 45 plus 11?,Solve the following and respond with only the final answer: What is 45 plus 26?,56
Solve the following and respond with only the final answer: What is 16 plus 82?,Solve the following and respond with only the final answer: What is 16 plus 81?,98
Solve the following and respond with only the final answer: What is 19 plus 50?,Solve the following and respond with only the final answer: What is 19 plus 74?,69
Solve the following and respond with only the final answer: What is 48 plus 56?,Solve the following and respond with only the final answer: What is 48 plus 17?,104
Solve the following and respond with only the final answer: What is 14 plus 41?,Solve the following and respond with only the final answer: What is 14 plus 31?,55
Solve the following and respond with only the final answer: What is 83 plus 20?,Solve the following and respond with only the final answer: What is 83 plus 55?,103
Solve the following and respond with only the final answer: What is 57 plus 81?,Solve the following and respond with only the final answer: What is 57 plus 14?,138
Solve the following and respond with only the final answer: What is 67 plus 79?,Solve the following and respond with only the final answer: What is 67 plus 90?,146
Solve the following and respond with only the final answer: What is 37 plus 70?,Solve the following and respond with only the final answer: What is 37 plus 23?,107
Solve the following and respond with only the final answer: What is 97 plus 46?,Solve the following and respond with only the final answer: What is 97 plus 18?,143
Solve the following and respond with only the final answer: What is 28 plus 64?,Solve the following and respond with only the final answer: What is 28 plus 53?,92
Solve the following and respond with only the final answer: What is 77 plus 64?,Solve the following and respond with only the final answer: What is 77 plus 18?,141
Solve the following and respond with only the final answer: What is 44 plus 27?,Solve the following and respond with only the final answer: What is 44 plus 27?,71
Solve the following and respond with only the final answer: What is 16 plus 13?,Solve the following and respond with only the final answer: What is 16 plus 78?,29
Solve the following and respond with only the final answer: What is 98 plus 34?,Solve the following and respond with only the final answer: What is 98 plus 81?,132
Solve the following and respond with only the final answer: What is 20 plus 26?,Solve the following and respond with only the final answer: What is 20 plus 23?,46
Solve the following and respond with only the final answer: What is 56 plus 48?,Solve the following and respond with only the final answer: What is 56 plus 93?,104
Solve the following and respond with only the final answer: What is 29 plus 80?,Solve the following and respond with only the final answer: What is 29 plus 83?,109
Solve the following and respond with only the final answer: What is 18 plus 36?,Solve the following and respond with only the final answer: What is 18 plus 44?,54
Solve the following and respond with only the final answer: What is 83 plus 29?,Solve the following and respond with only the final answer: What is 83 plus 70?,112
Solve the following and respond with only the final answer: What is 38 plus 54?,Solve the following and respond with only the final answer: What is 38 plus 86?,92
Solve the following and respond with only the final answer: What is 55 plus 47?,Solve the following and respond with only the final answer: What is 55 plus 44?,102
Solve the following and respond with only the final answer: What is 10 plus 60?,Solve the following and respond with only the final answer: What is 10 plus 82?,70
Solve the following and respond with only the final answer: What is 23 plus 13?,Solve the following and respond with only the final answer: What is 23 plus 23?,36
Solve the following and respond with only the final answer: What is 22 plus 44?,Solve the following and respond with only the final answer: What is 22 plus 67?,66
Solve the following and respond with only the final answer: What is 49 plus 38?,Solve the following and respond with only the final answer: What is 49 plus 25?,87
Solve the following and respond with only the final answer: What is 36 plus 55?,Solve the following and respond with only the final answer: What is 36 plus 86?,91
Solve the following and respond with only the final answer: What is 61 plus 43?,Solve the following and respond with only the final answer: What is 61 plus 78?,104
Solve the following and respond with only the final answer: What is 11 plus 83?,Solve the following and respond with only the final answer: What is 11 plus 72?,94
Solve the following and respond with only the final answer: What is 70 plus 80?,Solve the following and respond with only the final answer: What is 70 plus 90?,150
Solve the following and respond with only the final answer: What is 46 plus 67?,Solve the following and respond with only the final answer: What is 46 plus 15?,113
Solve the following and respond with only the final answer: What is 14 plus 34?,Solve the following and respond with only the final answer: What is 14 plus 17?,48
Solve the following and respond with only the final answer: What is 33 plus 17?,Solve the following and respond with only the final answer: What is 33 plus 77?,50
Solve the following and respond with only the final answer: What is 44 plus 57?,Solve the following and respond with only the final answer: What is 44 plus 73?,101
Solve the following and respond with only the final answer: What is 46 plus 25?,Solve the following and respond with only the final answer: What is 46 plus 51?,71
Solve the following and respond with only the final answer: What is 89 plus 63?,Solve the following and respond with only the final answer: What is 89 plus 10?,152
Solve the following and respond with only the final answer: What is 76 plus 86?,Solve the following and respond with only the final answer: What is 76 plus 60?,162
Solve the following and respond with only the final answer: What is 40 plus 18?,Solve the following and respond with only the final answer: What is 40 plus 10?,58
Solve the following and respond with only the final answer: What is 99 plus 53?,Solve the following and respond with only the final answer: What is 99 plus 18?,152
Solve the following and respond with only the final answer: What is 33 plus 53?,Solve the following and respond with only the final answer: What is 33 plus 16?,86
Solve the following and respond with only the final answer: What is 87 plus 90?,Solve the following and respond with only the final answer: What is 87 plus 32?,177
Solve the following and respond with only the final answer: What is 52 plus 58?,Solve the following and respond with only the final answer: What is 52 plus 87?,110
Solve the following and respond with only the final answer: What is 47 plus 57?,Solve the following and respond with only the final answer: What is 47 plus 94?,104
Solve the following and respond with only the final answer: What is 69 plus 64?,Solve the following and respond with only the final answer: What is 69 plus 66?,133
Solve the following and respond with only the final answer: What is 86 plus 47?,Solve the following and respond with only the final answer: What is 86 plus 75?,133
Solve the following and respond with only the final answer: What is 12 plus 91?,Solve the following and respond with only the final answer: What is 12 plus 79?,103
Solve the following and respond with only the final answer: What is 95 plus 84?,Solve the following and respond with only the final answer: What is 95 plus 63?,179
Solve the following and respond with only the final answer: What is 48 plus 53?,Solve the following and respond with only the final answer: What is 48 plus 95?,101
Solve the following and respond with only the final answer: What is 32 plus 70?,Solve the following and respond with only the final answer: What is 32 plus 64?,102
Solve the following and respond with only the final answer: What is 37 plus 40?,Solve the following and respond with only the final answer: What is 37 plus 88?,77
Solve the following and respond with only the final answer: What is 29 plus 26?,Solve the following and respond with only the final answer: What is 29 plus 89?,55
Solve the following and respond with only the final answer: What is 94 plus 24?,Solve the following and respond with only the final answer: What is 94 plus 21?,118
Solve the following and respond with only the final answer: What is 19 plus 30?,Solve the following and respond with only the final answer: What is 19 plus 41?,49
Solve the following and respond with only the final answer: What is 77 plus 23?,Solve the following and respond with only the final answer: What is 77 plus 49?,100
Solve the following and respond with only the final answer: What is 86 plus 86?,Solve the following and respond with only the final answer: What is 86 plus 94?,172
Solve the following and respond with only the final answer: What is 30 plus 41?,Solve the following and respond with only the final answer: What is 30 plus 31?,71
Solve the following and respond with only the final answer: What is 14 plus 56?,Solve the following and respond with only the final answer: What is 14 plus 49?,70
Solve the following and respond with only the final answer: What is 90 plus 61?,Solve the following and respond with only the final answer: What is 90 plus 59?,151
Solve the following and respond with only the final answer: What is 98 plus 28?,Solve the following and respond with only the final answer: What is 98 plus 69?,126
Solve the following and respond with only the final answer: What is 24 plus 77?,Solve the following and respond with only the final answer: What is 24 plus 16?,101
Solve the following and respond with only the final answer: What is 17 plus 38?,Solve the following and respond with only the final answer: What is 17 plus 23?,55
Solve the following and respond with only the final answer: What is 18 plus 35?,Solve the following and respond with only the final answer: What is 18 plus 77?,53
Solve the following and respond with only the final answer: What is 87 plus 98?,Solve the following and respond with only the final answer: What is 87 plus 77?,185
Solve the following and respond with only the final answer: What is 14 plus 84?,Solve the following and respond with only the final answer: What is 14 plus 49?,98
Solve the following and respond with only the final answer: What is 33 plus 29?,Solve the following and respond with only the final answer: What is 33 plus 63?,62
Solve the following and respond with only the final answer: What is 94 plus 64?,Solve the following and respond with only the final answer: What is 94 plus 71?,158
Solve the following and respond with only the final answer: What is 57 plus 61?,Solve the following and respond with only the final answer: What is 57 plus 50?,118
Solve the following and respond with only the final answer: What is 78 plus 85?,Solve the following and respond with only the final answer: What is 78 plus 80?,163
Solve the following and respond with only the final answer: What is 69 plus 49?,Solve the following and respond with only the final answer: What is 69 plus 31?,118
Solve the following and respond with only the final answer: What is 43 plus 40?,Solve the following and respond with only the final answer: What is 43 plus 40?,83
Solve the following and respond with only the final answer: What is 31 plus 46?,Solve the following and respond with only the final answer: What is 31 plus 18?,77
Solve the following and respond with only the final answer: What is 53 plus 79?,Solve the following and respond with only the final answer: What is 53 plus 98?,132
Solve the following and respond with only the final answer: What is 73 plus 33?,Solve the following and respond with only the final answer: What is 73 plus 55?,106
Solve the following and respond with only the final answer: What is 32 plus 80?,Solve the following and respond with only the final answer: What is 32 plus 47?,112
Solve the following and respond with only the final answer: What is 61 plus 28?,Solve the following and respond with only the final answer: What is 61 plus 11?,89
Solve the following and respond with only the final answer: What is 43 plus 61?,Solve the following and respond with only the final answer: What is 43 plus 93?,104
Solve the following and respond with only the final answer: What is 71 plus 36?,Solve the following and respond with only the final answer: What is 71 plus 87?,107
Solve the following and respond with only the final answer: What is 69 plus 70?,Solve the following and respond with only the final answer: What is 69 plus 28?,139
Solve the following and respond with only the final answer: What is 99 plus 28?,Solve the following and respond with only the final answer: What is 99 plus 94?,127
Solve the following and respond with only the final answer: What is 18 plus 75?,Solve the following and respond with only the final answer: What is 18 plus 96?,93
Solve the following and respond with only the final answer: What is 44 plus 54?,Solve the following and respond with only the final answer: What is 44 plus 90?,98
Solve the following and respond with only the final answer: What is 98 plus 63?,Solve the following and respond with only the final answer: What is 98 plus 44?,161
Solve the following and respond with only the final answer: What is 12 plus 71?,Solve the following and respond with only the final answer: What is 12 plus 79?,83
Solve the following and respond with only the final answer: What is 70 plus 36?,Solve the following and respond with only the final answer: What is 70 plus 26?,106
Solve the following and respond with only the final answer: What is 96 plus 35?,Solve the following and respond with only the final answer: What is 96 plus 23?,131
Solve the following and respond with only the final answer: What is 45 plus 27?,Solve the following and respond with only the final answer: What is 45 plus 25?,72
Solve the following and respond with only the final answer: What is 86 plus 95?,Solve the following and respond with only the final answer: What is 86 plus 98?,181
Solve the following and respond with only the final answer: What is 13 plus 50?,Solve the following and respond with only the final answer: What is 13 plus 94?,63
Solve the following and respond with only the final answer: What is 32 plus 10?,Solve the following and respond with only the final answer: What is 32 plus 65?,42
Solve the following and respond with only the final answer: What is 56 plus 92?,Solve the following and respond with only the final answer: What is 56 plus 55?,148
Solve the following and respond with only the final answer: What is 78 plus 66?,Solve the following and respond with only the final answer: What is 78 plus 67?,144
Solve the following and respond with only the final answer: What is 93 plus 87?,Solve the following and respond with only the final answer: What is 93 plus 35?,180
Solve the following and respond with only the final answer: What is 70 plus 54?,Solve the following and respond with only the final answer: What is 70 plus 11?,124
Solve the following and respond with only the final answer: What is 51 plus 88?,Solve the following and respond with only the final answer: What is 51 plus 57?,139
Solve the following and respond with only the final answer: What is 30 plus 79?,Solve the following and respond with only the final answer: What is 30 plus 39?,109
Solve the following and respond with only the final answer: What is 59 plus 62?,Solve the following and respond with only the final answer: What is 59 plus 69?,121
Solve the following and respond with only the final answer: What is 30 plus 31?,Solve the following and respond with only the final answer: What is 30 plus 13?,61
Solve the following and respond with only the final answer: What is 72 plus 85?,Solve the following and respond with only the final answer: What is 72 plus 36?,157
Solve the following and respond with only the final answer: What is 34 plus 22?,Solve the following and respond with only the final answer: What is 34 plus 44?,56
Solve the following and respond with only the final answer: What is 69 plus 24?,Solve the following and respond with only the final answer: What is 69 plus 16?,93
Solve the following and respond with only the final answer: What is 93 plus 50?,Solve the following and respond with only the final answer: What is 93 plus 87?,143
Solve the following and respond with only the final answer: What is 91 plus 77?,Solve the following and respond with only the final answer: What is 91 plus 51?,168
Solve the following and respond with only the final answer: What is 17 plus 98?,Solve the following and respond with only the final answer: What is 17 plus 92?,115
Solve the following and respond with only the final answer: What is 75 plus 50?,Solve the following and respond with only the final answer: What is 75 plus 60?,125
Solve the following and respond with only the final answer: What is 85 plus 24?,Solve the following and respond with only the final answer: What is 85 plus 29?,109
Solve the following and respond with only the final answer: What is 22 plus 65?,Solve the following and respond with only the final answer: What is 22 plus 39?,87
Solve the following and respond with only the final answer: What is 26 plus 39?,Solve the following and respond with only the final answer: What is 26 plus 60?,65
Solve the following and respond with only the final answer: What is 75 plus 85?,Solve the following and respond with only the final answer: What is 75 plus 45?,160
Solve the following and respond with only the final answer: What is 20 plus 49?,Solve the following and respond with only the final answer: What is 20 plus 10?,69
Solve the following and respond with only the final answer: What is 76 plus 50?,Solve the following and respond with only the final answer: What is 76 plus 32?,126
Solve the following and respond with only the final answer: What is 57 plus 91?,Solve the following and respond with only the final answer: What is 57 plus 42?,148
Solve the following and respond with only the final answer: What is 21 plus 29?,Solve the following and respond with only the final answer: What is 21 plus 14?,50
Solve the following and respond with only the final answer: What is 24 plus 34?,Solve the following and respond with only the final answer: What is 24 plus 41?,58
Solve the following and respond with only the final answer: What is 81 plus 31?,Solve the following and respond with only the final answer: What is 81 plus 50?,112
Solve the following and respond with only the final answer: What is 99 plus 68?,Solve the following and respond with only the final answer: What is 99 plus 32?,167
Solve the following and respond with only the final answer: What is 46 plus 19?,Solve the following and respond with only the final answer: What is 46 plus 76?,65
Solve the following and respond with only the final answer: What is 86 plus 91?,Solve the following and respond with only the final answer: What is 86 plus 67?,177
Solve the following and respond with only the final answer: What is 53 plus 45?,Solve the following and respond with only the final answer: What is 53 plus 17?,98
Solve the following and respond with only the final answer: What is 12 plus 86?,Solve the following and respond with only the final answer: What is 12 plus 50?,98
Solve the following and respond with only the final answer: What is 83 plus 80?,Solve the following and respond with only the final answer: What is 83 plus 68?,163
Solve the following and respond with only the final answer: What is 44 plus 80?,Solve the following and respond with only the final answer: What is 44 plus 16?,124
Solve the following and respond with only the final answer: What is 96 plus 15?,Solve the following and respond with only the final answer: What is 96 plus 22?,111
Solve the following and respond with only the final answer: What is 19 plus 50?,Solve the following and respond with only the final answer: What is 19 plus 26?,69
Solve the following and respond with only the final answer: What is 40 plus 12?,Solve the following and respond with only the final answer: What is 40 plus 38?,52
Solve the following and respond with only the final answer: What is 93 plus 63?,Solve the following and respond with only the final answer: What is 93 plus 84?,156
Solve the following and respond with only the final answer: What is 26 plus 57?,Solve the following and respond with only the final answer: What is 26 plus 81?,83
Solve the following and respond with only the final answer: What is 73 plus 12?,Solve the following and respond with only the final answer: What is 73 plus 94?,85
Solve the following and respond with only the final answer: What is 88 plus 54?,Solve the following and respond with only the final answer: What is 88 plus 14?,142
Solve the following and respond with only the final answer: What is 67 plus 92?,Solve the following and respond with only the final answer: What is 67 plus 52?,159
Solve the following and respond with only the final answer: What is 72 plus 62?,Solve the following and respond with only the final answer: What is 72 plus 10?,134
Solve the following and respond with only the final answer: What is 46 plus 22?,Solve the following and respond with only the final answer: What is 46 plus 78?,68
Solve the following and respond with only the final answer: What is 45 plus 82?,Solve the following and respond with only the final answer: What is 45 plus 12?,127
Solve the following and respond with only the final answer: What is 92 plus 99?,Solve the following and respond with only the final answer: What is 92 plus 75?,191
Solve the following and respond with only the final answer: What is 81 plus 84?,Solve the following and respond with only the final answer: What is 81 plus 78?,165
Solve the following and respond with only the final answer: What is 68 plus 36?,Solve the following and respond with only the final answer: What is 68 plus 23?,104
Solve the following and respond with only the final answer: What is 86 plus 70?,Solve the following and respond with only the final answer: What is 86 plus 34?,156
Solve the following and respond with only the final answer: What is 73 plus 99?,Solve the following and respond with only the final answer: What is 73 plus 28?,172
Solve the following and respond with only the final answer: What is 87 plus 90?,Solve the following and respond with only the final answer: What is 87 plus 72?,177
Solve the following and respond with only the final answer: What is 23 plus 90?,Solve the following and respond with only the final answer: What is 23 plus 39?,113
Solve the following and respond with only the final answer: What is 39 plus 22?,Solve the following and respond with only the final answer: What is 39 plus 16?,61
Solve the following and respond with only the final answer: What is 78 plus 45?,Solve the following and respond with only the final answer: What is 78 plus 24?,123
Solve the following and respond with only the final answer: What is 69 plus 95?,Solve the following and respond with only the final answer: What is 69 plus 36?,164
Solve the following and respond with only the final answer: What is 76 plus 96?,Solve the following and respond with only the final answer: What is 76 plus 16?,172
Solve the following and respond with only the final answer: What is 32 plus 32?,Solve the following and respond with only the final answer: What is 32 plus 76?,64
Solve the following and respond with only the final answer: What is 71 plus 21?,Solve the following and respond with only the final answer: What is 71 plus 40?,92
Solve the following and respond with only the final answer: What is 82 plus 47?,Solve the following and respond with only the final answer: What is 82 plus 96?,129
Solve the following and respond with only the final answer: What is 38 plus 90?,Solve the following and respond with only the final answer: What is 38 plus 82?,128
Solve the following and respond with only the final answer: What is 73 plus 83?,Solve the following and respond with only the final answer: What is 73 plus 98?,156
Solve the following and respond with only the final answer: What is 72 plus 39?,Solve the following and respond with only the final answer: What is 72 plus 34?,111
Solve the following and respond with only the final answer: What is 90 plus 74?,Solve the following and respond with only the final answer: What is 90 plus 38?,164
Solve the following and respond with only the final answer: What is 44 plus 93?,Solve the following and respond with only the final answer: What is 44 plus 99?,137
Solve the following and respond with only the final answer: What is 57 plus 64?,Solve the following and respond with only the final answer: What is 57 plus 52?,121
Solve the following and respond with only the final answer: What is 79 plus 64?,Solve the following and respond with only the final answer: What is 79 plus 30?,143
Solve the following and respond with only the final answer: What is 12 plus 88?,Solve the following and respond with only the final answer: What is 12 plus 66?,100
Solve the following and respond with only the final answer: What is 59 plus 81?,Solve the following and respond with only the final answer: What is 59 plus 73?,140
Solve the following and respond with only the final answer: What is 58 plus 75?,Solve the following and respond with only the final answer: What is 58 plus 15?,133
Solve the following and respond with only the final answer: What is 73 plus 46?,Solve the following and respond with only the final answer: What is 73 plus 19?,119
Solve the following and respond with only the final answer: What is 57 plus 70?,Solve the following and respond with only the final answer: What is 57 plus 98?,127
Solve the following and respond with only the final answer: What is 39 plus 36?,Solve the following and respond with only the final answer: What is 39 plus 57?,75
Solve the following and respond with only the final answer: What is 62 plus 76?,Solve the following and respond with only the final answer: What is 62 plus 99?,138
Solve the following and respond with only the final answer: What is 41 plus 81?,Solve the following and respond with only the final answer: What is 41 plus 24?,122
Solve the following and respond with only the final answer: What is 11 plus 48?,Solve the following and respond with only the final answer: What is 11 plus 57?,59
Solve the following and respond with only the final answer: What is 58 plus 11?,Solve the following and respond with only the final answer: What is 58 plus 95?,69
Solve the following and respond with only the final answer: What is 88 plus 39?,Solve the following and respond with only the final answer: What is 88 plus 14?,127
Solve the following and respond with only the final answer: What is 71 plus 83?,Solve the following and respond with only the final answer: What is 71 plus 29?,154
Solve the following and respond with only the final answer: What is 13 plus 81?,Solve the following and respond with only the final answer: What is 13 plus 25?,94
Solve the following and respond with only the final answer: What is 13 plus 23?,Solve the following and respond with only the final answer: What is 13 plus 52?,36
Solve the following and respond with only the final answer: What is 41 plus 15?,Solve the following and respond with only the final answer: What is 41 plus 60?,56
Solve the following and respond with only the final answer: What is 43 plus 39?,Solve the following and respond with only the final answer: What is 43 plus 51?,82
Solve the following and respond with only the final answer: What is 98 plus 26?,Solve the following and respond with only the final answer: What is 98 plus 83?,124
Solve the following and respond with only the final answer: What is 97 plus 84?,Solve the following and respond with only the final answer: What is 97 plus 75?,181
Solve the following and respond with only the final answer: What is 84 plus 40?,Solve the following and respond with only the final answer: What is 84 plus 90?,124
Solve the following and respond with only the final answer: What is 55 plus 20?,Solve the following and respond with only the final answer: What is 55 plus 44?,75
Solve the following and respond with only the final answer: What is 53 plus 26?,Solve the following and respond with only the final answer: What is 53 plus 80?,79
Solve the following and respond with only the final answer: What is 61 plus 33?,Solve the following and respond with only the final answer: What is 61 plus 90?,94
Solve the following and respond with only the final answer: What is 33 plus 63?,Solve the following and respond with only the final answer: What is 33 plus 20?,96
Solve the following and respond with only the final answer: What is 94 plus 71?,Solve the following and respond with only the final answer: What is 94 plus 12?,165
Solve the following and respond with only the final answer: What is 75 plus 94?,Solve the following and respond with only the final answer: What is 75 plus 91?,169
Solve the following and respond with only the final answer: What is 42 plus 36?,Solve the following and respond with only the final answer: What is 42 plus 17?,78
Solve the following and respond with only the final answer: What is 69 plus 56?,Solve the following and respond with only the final answer: What is 69 plus 26?,125
Solve the following and respond with only the final answer: What is 35 plus 21?,Solve the following and respond with only the final answer: What is 35 plus 19?,56
Solve the following and respond with only the final answer: What is 63 plus 65?,Solve the following and respond with only the final answer: What is 63 plus 55?,128
Solve the following and respond with only the final answer: What is 15 plus 40?,Solve the following and respond with only the final answer: What is 15 plus 63?,55
Solve the following and respond with only the final answer: What is 35 plus 16?,Solve the following and respond with only the final answer: What is 35 plus 21?,51
Solve the following and respond with only the final answer: What is 15 plus 30?,Solve the following and respond with only the final answer: What is 15 plus 69?,45
Solve the following and respond with only the final answer: What is 68 plus 62?,Solve the following and respond with only the final answer: What is 68 plus 62?,130
Solve the following and respond with only the final answer: What is 20 plus 93?,Solve the following and respond with only the final answer: What is 20 plus 62?,113
Solve the following and respond with only the final answer: What is 88 plus 31?,Solve the following and respond with only the final answer: What is 88 plus 58?,119
Solve the following and respond with only the final answer: What is 27 plus 36?,Solve the following and respond with only the final answer: What is 27 plus 37?,63
Solve the following and respond with only the final answer: What is 44 plus 70?,Solve the following and respond with only the final answer: What is 44 plus 37?,114
Solve the following and respond with only the final answer: What is 64 plus 71?,Solve the following and respond with only the final answer: What is 64 plus 87?,135
Solve the following and respond with only the final answer: What is 59 plus 85?,Solve the following and respond with only the final answer: What is 59 plus 59?,144
Solve the following and respond with only the final answer: What is 95 plus 46?,Solve the following and respond with only the final answer: What is 95 plus 50?,141
Solve the following and respond with only the final answer: What is 58 plus 71?,Solve the following and respond with only the final answer: What is 58 plus 17?,129
Solve the following and respond with only the final answer: What is 70 plus 44?,Solve the following and respond with only the final answer: What is 70 plus 89?,114
Solve the following and respond with only the final answer: What is 19 plus 35?,Solve the following and respond with only the final answer: What is 19 plus 60?,54
Solve the following and respond with only the final answer: What is 25 plus 58?,Solve the following and respond with only the final answer: What is 25 plus 13?,83
Solve the following and respond with only the final answer: What is 54 plus 83?,Solve the following and respond with only the final answer: What is 54 plus 62?,137
Solve the following and respond with only the final answer: What is 90 plus 46?,Solve the following and respond with only the final answer: What is 90 plus 60?,136
Solve the following and respond with only the final answer: What is 65 plus 57?,Solve the following and respond with only the final answer: What is 65 plus 38?,122
Solve the following and respond with only the final answer: What is 62 plus 20?,Solve the following and respond with only the final answer: What is 62 plus 49?,82
Solve the following and respond with only the final answer: What is 47 plus 70?,Solve the following and respond with only the final answer: What is 47 plus 62?,117
Solve the following and respond with only the final answer: What is 25 plus 13?,Solve the following and respond with only the final answer: What is 25 plus 75?,38
Solve the following and respond with only the final answer: What is 36 plus 95?,Solve the following and respond with only the final answer: What is 36 plus 44?,131
Solve the following and respond with only the final answer: What is 74 plus 92?,Solve the following and respond with only the final answer: What is 74 plus 61?,166
Solve the following and respond with only the final answer: What is 98 plus 21?,Solve the following and respond with only the final answer: What is 98 plus 25?,119
Solve the following and respond with only the final answer: What is 20 plus 11?,Solve the following and respond with only the final answer: What is 20 plus 58?,31
Solve the following and respond with only the final answer: What is 72 plus 28?,Solve the following and respond with only the final answer: What is 72 plus 71?,100
Solve the following and respond with only the final answer: What is 38 plus 85?,Solve the following and respond with only the final answer: What is 38 plus 86?,123
Solve the following and respond with only the final answer: What is 32 plus 13?,Solve the following and respond with only the final answer: What is 32 plus 12?,45
Solve the following and respond with only the final answer: What is 17 plus 76?,Solve the following and respond with only the final answer: What is 17 plus 92?,93
Solve the following and respond with only the final answer: What is 76 plus 13?,Solve the following and respond with only the final answer: What is 76 plus 53?,89
Solve the following and respond with only the final answer: What is 53 plus 81?,Solve the following and respond with only the final answer: What is 53 plus 58?,134
Solve the following and respond with only the final answer: What is 61 plus 51?,Solve the following and respond with only the final answer: What is 61 plus 59?,112
Solve the following and respond with only the final answer: What is 85 plus 91?,Solve the following and respond with only the final answer: What is 85 plus 30?,176
Solve the following and respond with only the final answer: What is 17 plus 71?,Solve the following and respond with only the final answer: What is 17 plus 81?,88
Solve the following and respond with only the final answer: What is 89 plus 80?,Solve the following and respond with only the final answer: What is 89 plus 89?,169
Solve the following and respond with only the final answer: What is 77 plus 68?,Solve the following and respond with only the final answer: What is 77 plus 92?,145
Solve the following and respond with only the final answer: What is 87 plus 87?,Solve the following and respond with only the final answer: What is 87 plus 74?,174
Solve the following and respond with only the final answer: What is 31 plus 62?,Solve the following and respond with only the final answer: What is 31 plus 18?,93
Solve the following and respond with only the final answer: What is 86 plus 57?,Solve the following and respond with only the final answer: What is 86 plus 16?,143
Solve the following and respond with only the final answer: What is 74 plus 24?,Solve the following and respond with only the final answer: What is 74 plus 44?,98
Solve the following and respond with only the final answer: What is 72 plus 83?,Solve the following and respond with only the final answer: What is 72 plus 23?,155
Solve the following and respond with only the final answer: What is 84 plus 83?,Solve the following and respond with only the final answer: What is 84 plus 88?,167
Solve the following and respond with only the final answer: What is 33 plus 64?,Solve the following and respond with only the final answer: What is 33 plus 96?,97
Solve the following and respond with only the final answer: What is 92 plus 88?,Solve the following and respond with only the final answer: What is 92 plus 38?,180
Solve the following and respond with only the final answer: What is 94 plus 35?,Solve the following and respond with only the final answer: What is 94 plus 73?,129
Solve the following and respond with only the final answer: What is 27 plus 33?,Solve the following and respond with only the final answer: What is 27 plus 11?,60
Solve the following and respond with only the final answer: What is 57 plus 90?,Solve the following and respond with only the final answer: What is 57 plus 96?,147
Solve the following and respond with only the final answer: What is 83 plus 38?,Solve the following and respond with only the final answer: What is 83 plus 41?,121
Solve the following and respond with only the final answer: What is 82 plus 28?,Solve the following and respond with only the final answer: What is 82 plus 90?,110
Solve the following and respond with only the final answer: What is 17 plus 78?,Solve the following and respond with only the final answer: What is 17 plus 45?,95
Solve the following and respond with only the final answer: What is 47 plus 12?,Solve the following and respond with only the final answer: What is 47 plus 17?,59
Solve the following and respond with only the final answer: What is 14 plus 33?,Solve the following and respond with only the final answer: What is 14 plus 15?,47
Solve the following and respond with only the final answer: What is 97 plus 89?,Solve the following and respond with only the final answer: What is 97 plus 13?,186
Solve the following and respond with only the final answer: What is 10 plus 22?,Solve the following and respond with only the final answer: What is 10 plus 10?,32
Solve the following and respond with only the final answer: What is 69 plus 13?,Solve the following and respond with only the final answer: What is 69 plus 79?,82
Solve the following and respond with only the final answer: What is 96 plus 57?,Solve the following and respond with only the final answer: What is 96 plus 49?,153
Solve the following and respond with only the final answer: What is 93 plus 10?,Solve the following and respond with only the final answer: What is 93 plus 86?,103
Solve the following and respond with only the final answer: What is 21 plus 27?,Solve the following and respond with only the final answer: What is 21 plus 21?,48
Solve the following and respond with only the final answer: What is 82 plus 77?,Solve the following and respond with only the final answer: What is 82 plus 71?,159
Solve the following and respond with only the final answer: What is 29 plus 65?,Solve the following and respond with only the final answer: What is 29 plus 10?,94
Solve the following and respond with only the final answer: What is 17 plus 85?,Solve the following and respond with only the final answer: What is 17 plus 74?,102
Solve the following and respond with only the final answer: What is 22 plus 38?,Solve the following and respond with only the final answer: What is 22 plus 33?,60
Solve the following and respond with only the final answer: What is 51 plus 50?,Solve the following and respond with only the final answer: What is 51 plus 94?,101
Solve the following and respond with only the final answer: What is 92 plus 25?,Solve the following and respond with only the final answer: What is 92 plus 83?,117
Solve the following and respond with only the final answer: What is 50 plus 15?,Solve the following and respond with only the final answer: What is 50 plus 52?,65
Solve the following and respond with only the final answer: What is 64 plus 17?,Solve the following and respond with only the final answer: What is 64 plus 66?,81
Solve the following and respond with only the final answer: What is 75 plus 50?,Solve the following and respond with only the final answer: What is 75 plus 87?,125
Solve the following and respond with only the final answer: What is 82 plus 57?,Solve the following and respond with only the final answer: What is 82 plus 69?,139
Solve the following and respond with only the final answer: What is 73 plus 52?,Solve the following and respond with only the final answer: What is 73 plus 38?,125
Solve the following and respond with only the final answer: What is 39 plus 22?,Solve the following and respond with only the final answer: What is 39 plus 42?,61
Solve the following and respond with only the final answer: What is 98 plus 58?,Solve the following and respond with only the final answer: What is 98 plus 16?,156
Solve the following and respond with only the final answer: What is 87 plus 86?,Solve the following and respond with only the final answer: What is 87 plus 47?,173
Solve the following and respond with only the final answer: What is 54 plus 65?,Solve the following and respond with only the final answer: What is 54 plus 95?,119
Solve the following and respond with only the final answer: What is 87 plus 48?,Solve the following and respond with only the final answer: What is 87 plus 43?,135
Solve the following and respond with only the final answer: What is 48 plus 26?,Solve the following and respond with only the final answer: What is 48 plus 18?,74
Solve the following and respond with only the final answer: What is 62 plus 82?,Solve the following and respond with only the final answer: What is 62 plus 69?,144
Solve the following and respond with only the final answer: What is 33 plus 49?,Solve the following and respond with only the final answer: What is 33 plus 61?,82
Solve the following and respond with only the final answer: What is 25 plus 96?,Solve the following and respond with only the final answer: What is 25 plus 53?,121
Solve the following and respond with only the final answer: What is 76 plus 63?,Solve the following and respond with only the final answer: What is 76 plus 20?,139
Solve the following and respond with only the final answer: What is 84 plus 22?,Solve the following and respond with only the final answer: What is 84 plus 82?,106
Solve the following and respond with only the final answer: What is 80 plus 71?,Solve the following and respond with only the final answer: What is 80 plus 98?,151
Solve the following and respond with only the final answer: What is 68 plus 35?,Solve the following and respond with only the final answer: What is 68 plus 85?,103
Solve the following and respond with only the final answer: What is 41 plus 90?,Solve the following and respond with only the final answer: What is 41 plus 45?,131
Solve the following and respond with only the final answer: What is 85 plus 89?,Solve the following and respond with only the final answer: What is 85 plus 47?,174
Solve the following and respond with only the final answer: What is 27 plus 55?,Solve the following and respond with only the final answer: What is 27 plus 58?,82
Solve the following and respond with only the final answer: What is 90 plus 16?,Solve the following and respond with only the final answer: What is 90 plus 62?,106
Solve the following and respond with only the final answer: What is 28 plus 53?,Solve the following and respond with only the final answer: What is 28 plus 24?,81
Solve the following and respond with only the final answer: What is 52 plus 60?,Solve the following and respond with only the final answer: What is 52 plus 28?,112
Solve the following and respond with only the final answer: What is 36 plus 16?,Solve the following and respond with only the final answer: What is 36 plus 36?,52
Solve the following and respond with only the final answer: What is 30 plus 67?,Solve the following and respond with only the final answer: What is 30 plus 16?,97
Solve the following and respond with only the final answer: What is 59 plus 37?,Solve the following and respond with only the final answer: What is 59 plus 69?,96
Solve the following and respond with only the final answer: What is 96 plus 46?,Solve the following and respond with only the final answer: What is 96 plus 58?,142
Solve the following and respond with only the final answer: What is 39 plus 30?,Solve the following and respond with only the final answer: What is 39 plus 76?,69
Solve the following and respond with only the final answer: What is 44 plus 52?,Solve the following and respond with only the final answer: What is 44 plus 91?,96
Solve the following and respond with only the final answer: What is 96 plus 95?,Solve the following and respond with only the final answer: What is 96 plus 20?,191
Solve the following and respond with only the final answer: What is 20 plus 54?,Solve the following and respond with only the final answer: What is 20 plus 27?,74
Solve the following and respond with only the final answer: What is 87 plus 25?,Solve the following and respond with only the final answer: What is 87 plus 27?,112
Solve the following and respond with only the final answer: What is 61 plus 99?,Solve the following and respond with only the final answer: What is 61 plus 79?,160
Solve the following and respond with only the final answer: What is 96 plus 35?,Solve the following and respond with only the final answer: What is 96 plus 95?,131
Solve the following and respond with only the final answer: What is 32 plus 19?,Solve the following and respond with only the final answer: What is 32 plus 89?,51
Solve the following and respond with only the final answer: What is 30 plus 69?,Solve the following and respond with only the final answer: What is 30 plus 23?,99
Solve the following and respond with only the final answer: What is 74 plus 25?,Solve the following and respond with only the final answer: What is 74 plus 28?,99
Solve the following and respond with only the final answer: What is 47 plus 77?,Solve the following and respond with only the final answer: What is 47 plus 76?,124
Solve the following and respond with only the final answer: What is 42 plus 60?,Solve the following and respond with only the final answer: What is 42 plus 67?,102
Solve the following and respond with only the final answer: What is 80 plus 25?,Solve the following and respond with only the final answer: What is 80 plus 40?,105
Solve the following and respond with only the final answer: What is 75 plus 44?,Solve the following and respond with only the final answer: What is 75 plus 60?,119
Solve the following and respond with only the final answer: What is 68 plus 70?,Solve the following and respond with only the final answer: What is 68 plus 37?,138
Solve the following and respond with only the final answer: What is 53 plus 47?,Solve the following and respond with only the final answer: What is 53 plus 54?,100
Solve the following and respond with only the final answer: What is 64 plus 49?,Solve the following and respond with only the final answer: What is 64 plus 18?,113
Solve the following and respond with only the final answer: What is 37 plus 16?,Solve the following and respond with only the final answer: What is 37 plus 41?,53
Solve the following and respond with only the final answer: What is 88 plus 98?,Solve the following and respond with only the final answer: What is 88 plus 51?,186
Solve the following and respond with only the final answer: What is 53 plus 94?,Solve the following and respond with only the final answer: What is 53 plus 63?,147
Solve the following and respond with only the final answer: What is 21 plus 77?,Solve the following and respond with only the final answer: What is 21 plus 24?,98
Solve the following and respond with only the final answer: What is 47 plus 36?,Solve the following and respond with only the final answer: What is 47 plus 49?,83
Solve the following and respond with only the final answer: What is 64 plus 92?,Solve the following and respond with only the final answer: What is 64 plus 53?,156
Solve the following and respond with only the final answer: What is 88 plus 55?,Solve the following and respond with only the final answer: What is 88 plus 66?,143
Solve the following and respond with only the final answer: What is 73 plus 24?,Solve the following and respond with only the final answer: What is 73 plus 43?,97
Solve the following and respond with only the final answer: What is 15 plus 37?,Solve the following and respond with only the final answer: What is 15 plus 77?,52
Solve the following and respond with only the final answer: What is 16 plus 23?,Solve the following and respond with only the final answer: What is 16 plus 51?,39
Solve the following and respond with only the final answer: What is 41 plus 21?,Solve the following and respond with only the final answer: What is 41 plus 44?,62
Solve the following and respond with only the final answer: What is 78 plus 64?,Solve the following and respond with only the final answer: What is 78 plus 43?,142
Solve the following and respond with only the final answer: What is 31 plus 79?,Solve the following and respond with only the final answer: What is 31 plus 94?,110
Solve the following and respond with only the final answer: What is 82 plus 53?,Solve the following and respond with only the final answer: What is 82 plus 44?,135
Solve the following and respond with only the final answer: What is 46 plus 64?,Solve the following and respond with only the final answer: What is 46 plus 47?,110
Solve the following and respond with only the final answer: What is 45 plus 20?,Solve the following and respond with only the final answer: What is 45 plus 59?,65
Solve the following and respond with only the final answer: What is 57 plus 14?,Solve the following and respond with only the final answer: What is 57 plus 71?,71
Solve the following and respond with only the final answer: What is 18 plus 47?,Solve the following and respond with only the final answer: What is 18 plus 74?,65
Solve the following and respond with only the final answer: What is 17 plus 75?,Solve the following and respond with only the final answer: What is 17 plus 56?,92
Solve the following and respond with only the final answer: What is 16 plus 58?,Solve the following and respond with only the final answer: What is 16 plus 69?,74
Solve the following and respond with only the final answer: What is 78 plus 64?,Solve the following and respond with only the final answer: What is 78 plus 84?,142
Solve the following and respond with only the final answer: What is 81 plus 25?,Solve the following and respond with only the final answer: What is 81 plus 39?,106
Solve the following and respond with only the final answer: What is 46 plus 46?,Solve the following and respond with only the final answer: What is 46 plus 88?,92
Solve the following and respond with only the final answer: What is 43 plus 83?,Solve the following and respond with only the final answer: What is 43 plus 25?,126
Solve the following and respond with only the final answer: What is 47 plus 47?,Solve the following and respond with only the final answer: What is 47 plus 56?,94
Solve the following and respond with only the final answer: What is 23 plus 56?,Solve the following and respond with only the final answer: What is 23 plus 13?,79
Solve the following and respond with only the final answer: What is 85 plus 36?,Solve the following and respond with only the final answer: What is 85 plus 41?,121
Solve the following and respond with only the final answer: What is 51 plus 18?,Solve the following and respond with only the final answer: What is 51 plus 76?,69
Solve the following and respond with only the final answer: What is 78 plus 12?,Solve the following and respond with only the final answer: What is 78 plus 79?,90
Solve the following and respond with only the final answer: What is 90 plus 73?,Solve the following and respond with only the final answer: What is 90 plus 14?,163
Solve the following and respond with only the final answer: What is 62 plus 46?,Solve the following and respond with only the final answer: What is 62 plus 53?,108
Solve the following and respond with only the final answer: What is 93 plus 63?,Solve the following and respond with only the final answer: What is 93 plus 25?,156
Solve the following and respond with only the final answer: What is 89 plus 91?,Solve the following and respond with only the final answer: What is 89 plus 88?,180
Solve the following and respond with only the final answer: What is 18 plus 14?,Solve the following and respond with only the final answer: What is 18 plus 87?,32
Solve the following and respond with only the final answer: What is 25 plus 15?,Solve the following and respond with only the final answer: What is 25 plus 82?,40
Solve the following and respond with only the final answer: What is 37 plus 59?,Solve the following and respond with only the final answer: What is 37 plus 92?,96
Solve the following and respond with only the final answer: What is 83 plus 74?,Solve the following and respond with only the final answer: What is 83 plus 92?,157
Solve the following and respond with only the final answer: What is 45 plus 53?,Solve the following and respond with only the final answer: What is 45 plus 30?,98
Solve the following and respond with only the final answer: What is 61 plus 65?,Solve the following and respond with only the final answer: What is 61 plus 12?,126
Solve the following and respond with only the final answer: What is 39 plus 88?,Solve the following and respond with only the final answer: What is 39 plus 90?,127
Solve the following and respond with only the final answer: What is 53 plus 73?,Solve the following and respond with only the final answer: What is 53 plus 59?,126
Solve the following and respond with only the final answer: What is 23 plus 96?,Solve the following and respond with only the final answer: What is 23 plus 70?,119
Solve the following and respond with only the final answer: What is 54 plus 97?,Solve the following and respond with only the final answer: What is 54 plus 97?,151
Solve the following and respond with only the final answer: What is 40 plus 52?,Solve the following and respond with only the final answer: What is 40 plus 86?,92
Solve the following and respond with only the final answer: What is 42 plus 26?,Solve the following and respond with only the final answer: What is 42 plus 70?,68
Solve the following and respond with only the final answer: What is 16 plus 58?,Solve the following and respond with only the final answer: What is 16 plus 37?,74
Solve the following and respond with only the final answer: What is 45 plus 60?,Solve the following and respond with only the final answer: What is 45 plus 70?,105
Solve the following and respond with only the final answer: What is 79 plus 44?,Solve the following and respond with only the final answer: What is 79 plus 26?,123
Solve the following and respond with only the final answer: What is 25 plus 63?,Solve the following and respond with only the final answer: What is 25 plus 95?,88
Solve the following and respond with only the final answer: What is 51 plus 55?,Solve the following and respond with only the final answer: What is 51 plus 18?,106
Solve the following and respond with only the final answer: What is 10 plus 52?,Solve the following and respond with only the final answer: What is 10 plus 54?,62
Solve the following and respond with only the final answer: What is 62 plus 33?,Solve the following and respond with only the final answer: What is 62 plus 19?,95
Solve the following and respond with only the final answer: What is 84 plus 63?,Solve the following and respond with only the final answer: What is 84 plus 25?,147
Solve the following and respond with only the final answer: What is 38 plus 76?,Solve the following and respond with only the final answer: What is 38 plus 19?,114
Solve the following and respond with only the final answer: What is 34 plus 79?,Solve the following and respond with only the final answer: What is 34 plus 97?,113
Solve the following and respond with only the final answer: What is 27 plus 16?,Solve the following and respond with only the final answer: What is 27 plus 79?,43
Solve the following and respond with only the final answer: What is 84 plus 58?,Solve the following and respond with only the final answer: What is 84 plus 75?,142
Solve the following and respond with only the final answer: What is 24 plus 32?,Solve the following and respond with only the final answer: What is 24 plus 74?,56
Solve the following and respond with only the final answer: What is 92 plus 56?,Solve the following and respond with only the final answer: What is 92 plus 83?,148
Solve the following and respond with only the final answer: What is 55 plus 17?,Solve the following and respond with only the final answer: What is 55 plus 20?,72
Solve the following and respond with only the final answer: What is 46 plus 77?,Solve the following and respond with only the final answer: What is 46 plus 54?,123
Solve the following and respond with only the final answer: What is 86 plus 98?,Solve the following and respond with only the final answer: What is 86 plus 10?,184
Solve the following and respond with only the final answer: What is 59 plus 89?,Solve the following and respond with only the final answer: What is 59 plus 41?,148
Solve the following and respond with only the final answer: What is 98 plus 97?,Solve the following and respond with only the final answer: What is 98 plus 36?,195
Solve the following and respond with only the final answer: What is 70 plus 58?,Solve the following and respond with only the final answer: What is 70 plus 77?,128
Solve the following and respond with only the final answer: What is 79 plus 15?,Solve the following and respond with only the final answer: What is 79 plus 10?,94
Solve the following and respond with only the final answer: What is 83 plus 40?,Solve the following and respond with only the final answer: What is 83 plus 53?,123
Solve the following and respond with only the final answer: What is 36 plus 22?,Solve the following and respond with only the final answer: What is 36 plus 84?,58
Solve the following and respond with only the final answer: What is 68 plus 12?,Solve the following and respond with only the final answer: What is 68 plus 42?,80
Solve the following and respond with only the final answer: What is 22 plus 78?,Solve the following and respond with only the final answer: What is 22 plus 25?,100
Solve the following and respond with only the final answer: What is 66 plus 64?,Solve the following and respond with only the final answer: What is 66 plus 87?,130
Solve the following and respond with only the final answer: What is 12 plus 35?,Solve the following and respond with only the final answer: What is 12 plus 20?,47
Solve the following and respond with only the final answer: What is 18 plus 26?,Solve the following and respond with only the final answer: What is 18 plus 41?,44
Solve the following and respond with only the final answer: What is 31 plus 25?,Solve the following and respond with only the final answer: What is 31 plus 54?,56
Solve the following and respond with only the final answer: What is 75 plus 72?,Solve the following and respond with only the final answer: What is 75 plus 35?,147
Solve the following and respond with only the final answer: What is 69 plus 59?,Solve the following and respond with only the final answer: What is 69 plus 77?,128
Solve the following and respond with only the final answer: What is 51 plus 94?,Solve the following and respond with only the final answer: What is 51 plus 24?,145
Solve the following and respond with only the final answer: What is 17 plus 79?,Solve the following and respond with only the final answer: What is 17 plus 61?,96
Solve the following and respond with only the final answer: What is 55 plus 52?,Solve the following and respond with only the final answer: What is 55 plus 96?,107
Solve the following and respond with only the final answer: What is 95 plus 85?,Solve the following and respond with only the final answer: What is 95 plus 36?,180
Solve the following and respond with only the final answer: What is 85 plus 26?,Solve the following and respond with only the final answer: What is 85 plus 51?,111
Solve the following and respond with only the final answer: What is 14 plus 55?,Solve the following and respond with only the final answer: What is 14 plus 95?,69
Solve the following and respond with only the final answer: What is 43 plus 33?,Solve the following and respond with only the final answer: What is 43 plus 58?,76
Solve the following and respond with only the final answer: What is 76 plus 31?,Solve the following and respond with only the final answer: What is 76 plus 98?,107
Solve the following and respond with only the final answer: What is 45 plus 23?,Solve the following and respond with only the final answer: What is 45 plus 19?,68
Solve the following and respond with only the final answer: What is 59 plus 44?,Solve the following and respond with only the final answer: What is 59 plus 88?,103
Solve the following and respond with only the final answer: What is 61 plus 47?,Solve the following and respond with only the final answer: What is 61 plus 57?,108
Solve the following and respond with only the final answer: What is 86 plus 93?,Solve the following and respond with only the final answer: What is 86 plus 72?,179
Solve the following and respond with only the final answer: What is 91 plus 34?,Solve the following and respond with only the final answer: What is 91 plus 12?,125
Solve the following and respond with only the final answer: What is 57 plus 62?,Solve the following and respond with only the final answer: What is 57 plus 58?,119
Solve the following and respond with only the final answer: What is 86 plus 61?,Solve the following and respond with only the final answer: What is 86 plus 73?,147
Solve the following and respond with only the final answer: What is 71 plus 13?,Solve the following and respond with only the final answer: What is 71 plus 73?,84
Solve the following and respond with only the final answer: What is 35 plus 29?,Solve the following and respond with only the final answer: What is 35 plus 74?,64
Solve the following and respond with only the final answer: What is 20 plus 60?,Solve the following and respond with only the final answer: What is 20 plus 21?,80
Solve the following and respond with only the final answer: What is 46 plus 28?,Solve the following and respond with only the final answer: What is 46 plus 31?,74
Solve the following and respond with only the final answer: What is 54 plus 27?,Solve the following and respond with only the final answer: What is 54 plus 42?,81
Solve the following and respond with only the final answer: What is 84 plus 74?,Solve the following and respond with only the final answer: What is 84 plus 42?,158
Solve the following and respond with only the final answer: What is 17 plus 40?,Solve the following and respond with only the final answer: What is 17 plus 60?,57
Solve the following and respond with only the final answer: What is 39 plus 60?,Solve the following and respond with only the final answer: What is 39 plus 75?,99
Solve the following and respond with only the final answer: What is 79 plus 36?,Solve the following and respond with only the final answer: What is 79 plus 27?,115
Solve the following and respond with only the final answer: What is 60 plus 63?,Solve the following and respond with only the final answer: What is 60 plus 20?,123
Solve the following and respond with only the final answer: What is 30 plus 10?,Solve the following and respond with only the final answer: What is 30 plus 32?,40
Solve the following and respond with only the final answer: What is 11 plus 27?,Solve the following and respond with only the final answer: What is 11 plus 55?,38
Solve the following and respond with only the final answer: What is 95 plus 92?,Solve the following and respond with only the final answer: What is 95 plus 34?,187
Solve the following and respond with only the final answer: What is 27 plus 18?,Solve the following and respond with only the final answer: What is 27 plus 26?,45
Solve the following and respond with only the final answer: What is 76 plus 49?,Solve the following and respond with only the final answer: What is 76 plus 54?,125
Solve the following and respond with only the final answer: What is 82 plus 30?,Solve the following and respond with only the final answer: What is 82 plus 26?,112
Solve the following and respond with only the final answer: What is 46 plus 47?,Solve the following and respond with only the final answer: What is 46 plus 42?,93
Solve the following and respond with only the final answer: What is 69 plus 18?,Solve the following and respond with only the final answer: What is 69 plus 65?,87
Solve the following and respond with only the final answer: What is 77 plus 73?,Solve the following and respond with only the final answer: What is 77 plus 83?,150
Solve the following and respond with only the final answer: What is 24 plus 63?,Solve the following and respond with only the final answer: What is 24 plus 66?,87
Solve the following and respond with only the final answer: What is 94 plus 33?,Solve the following and respond with only the final answer: What is 94 plus 92?,127
Solve the following and respond with only the final answer: What is 68 plus 28?,Solve the following and respond with only the final answer: What is 68 plus 59?,96
Solve the following and respond with only the final answer: What is 58 plus 71?,Solve the following and respond with only the final answer: What is 58 plus 47?,129
Solve the following and respond with only the final answer: What is 98 plus 53?,Solve the following and respond with only the final answer: What is 98 plus 35?,151
Solve the following and respond with only the final answer: What is 73 plus 72?,Solve the following and respond with only the final answer: What is 73 plus 80?,145
Solve the following and respond with only the final answer: What is 16 plus 34?,Solve the following and respond with only the final answer: What is 16 plus 43?,50
Solve the following and respond with only the final answer: What is 38 plus 30?,Solve the following and respond with only the final answer: What is 38 plus 30?,68
Solve the following and respond with only the final answer: What is 17 plus 10?,Solve the following and respond with only the final answer: What is 17 plus 49?,27
Solve the following and respond with only the final answer: What is 74 plus 49?,Solve the following and respond with only the final answer: What is 74 plus 64?,123
Solve the following and respond with only the final answer: What is 37 plus 38?,Solve the following and respond with only the final answer: What is 37 plus 43?,75
Solve the following and respond with only the final answer: What is 58 plus 74?,Solve the following and respond with only the final answer: What is 58 plus 21?,132
Solve the following and respond with only the final answer: What is 76 plus 15?,Solve the following and respond with only the final answer: What is 76 plus 54?,91
Solve the following and respond with only the final answer: What is 26 plus 84?,Solve the following and respond with only the final answer: What is 26 plus 23?,110
Solve the following and respond with only the final answer: What is 70 plus 94?,Solve the following and respond with only the final answer: What is 70 plus 46?,164
Solve the following and respond with only the final answer: What is 99 plus 54?,Solve the following and respond with only the final answer: What is 99 plus 55?,153
Solve the following and respond with only the final answer: What is 83 plus 46?,Solve the following and respond with only the final answer: What is 83 plus 89?,129
Solve the following and respond with only the final answer: What is 60 plus 86?,Solve the following and respond with only the final answer: What is 60 plus 38?,146
Solve the following and respond with only the final answer: What is 29 plus 21?,Solve the following and respond with only the final answer: What is 29 plus 48?,50
Solve the following and respond with only the final answer: What is 53 plus 87?,Solve the following and respond with only the final answer: What is 53 plus 88?,140
Solve the following and respond with only the final answer: What is 86 plus 37?,Solve the following and respond with only the final answer: What is 86 plus 25?,123
Solve the following and respond with only the final answer: What is 53 plus 39?,Solve the following and respond with only the final answer: What is 53 plus 61?,92
Solve the following and respond with only the final answer: What is 36 plus 42?,Solve the following and respond with only the final answer: What is 36 plus 56?,78
Solve the following and respond with only the final answer: What is 14 plus 85?,Solve the following and respond with only the final answer: What is 14 plus 25?,99
Solve the following and respond with only the final answer: What is 43 plus 11?,Solve the following and respond with only the final answer: What is 43 plus 26?,54
Solve the following and respond with only the final answer: What is 10 plus 52?,Solve the following and respond with only the final answer: What is 10 plus 98?,62
Solve the following and respond with only the final answer: What is 15 plus 26?,Solve the following and respond with only the final answer: What is 15 plus 88?,41
Solve the following and respond with only the final answer: What is 24 plus 78?,Solve the following and respond with only the final answer: What is 24 plus 13?,102
Solve the following and respond with only the final answer: What is 34 plus 42?,Solve the following and respond with only the final answer: What is 34 plus 77?,76
Solve the following and respond with only the final answer: What is 59 plus 27?,Solve the following and respond with only the final answer: What is 59 plus 74?,86
Solve the following and respond with only the final answer: What is 88 plus 27?,Solve the following and respond with only the final answer: What is 88 plus 78?,115
Solve the following and respond with only the final answer: What is 62 plus 12?,Solve the following and respond with only the final answer: What is 62 plus 90?,74
Solve the following and respond with only the final answer: What is 78 plus 89?,Solve the following and respond with only the final answer: What is 78 plus 26?,167
Solve the following and respond with only the final answer: What is 26 plus 85?,Solve the following and respond with only the final answer: What is 26 plus 61?,111
Solve the following and respond with only the final answer: What is 74 plus 24?,Solve the following and respond with only the final answer: What is 74 plus 99?,98
Solve the following and respond with only the final answer: What is 51 plus 38?,Solve the following and respond with only the final answer: What is 51 plus 75?,89
Solve the following and respond with only the final answer: What is 26 plus 45?,Solve the following and respond with only the final answer: What is 26 plus 17?,71
Solve the following and respond with only the final answer: What is 80 plus 80?,Solve the following and respond with only the final answer: What is 80 plus 73?,160
Solve the following and respond with only the final answer: What is 96 plus 91?,Solve the following and respond with only the final answer: What is 96 plus 34?,187
Solve the following and respond with only the final answer: What is 33 plus 38?,Solve the following and respond with only the final answer: What is 33 plus 60?,71
Solve the following and respond with only the final answer: What is 56 plus 32?,Solve the following and respond with only the final answer: What is 56 plus 81?,88
Solve the following and respond with only the final answer: What is 61 plus 49?,Solve the following and respond with only the final answer: What is 61 plus 81?,110
Solve the following and respond with only the final answer: What is 59 plus 65?,Solve the following and respond with only the final answer: What is 59 plus 96?,124
Solve the following and respond with only the final answer: What is 56 plus 59?,Solve the following and respond with only the final answer: What is 56 plus 21?,115
Solve the following and respond with only the final answer: What is 52 plus 90?,Solve the following and respond with only the final answer: What is 52 plus 91?,142
Solve the following and respond with only the final answer: What is 70 plus 18?,Solve the following and respond with only the final answer: What is 70 plus 70?,88
Solve the following and respond with only the final answer: What is 52 plus 97?,Solve the following and respond with only the final answer: What is 52 plus 22?,149
Solve the following and respond with only the final answer: What is 17 plus 77?,Solve the following and respond with only the final answer: What is 17 plus 85?,94
Solve the following and respond with only the final answer: What is 78 plus 36?,Solve the following and respond with only the final answer: What is 78 plus 76?,114
Solve the following and respond with only the final answer: What is 97 plus 34?,Solve the following and respond with only the final answer: What is 97 plus 63?,131
Solve the following and respond with only the final answer: What is 23 plus 67?,Solve the following and respond with only the final answer: What is 23 plus 96?,90
Solve the following and respond with only the final answer: What is 52 plus 98?,Solve the following and respond with only the final answer: What is 52 plus 67?,150
Solve the following and respond with only the final answer: What is 12 plus 86?,Solve the following and respond with only the final answer: What is 12 plus 45?,98
Solve the following and respond with only the final answer: What is 45 plus 20?,Solve the following and respond with only the final answer: What is 45 plus 46?,65
Solve the following and respond with only the final answer: What is 49 plus 95?,Solve the following and respond with only the final answer: What is 49 plus 80?,144
Solve the following and respond with only the final answer: What is 52 plus 70?,Solve the following and respond with only the final answer: What is 52 plus 99?,122
Solve the following and respond with only the final answer: What is 36 plus 38?,Solve the following and respond with only the final answer: What is 36 plus 54?,74
Solve the following and respond with only the final answer: What is 77 plus 93?,Solve the following and respond with only the final answer: What is 77 plus 67?,170
Solve the following and respond with only the final answer: What is 26 plus 21?,Solve the following and respond with only the final answer: What is 26 plus 81?,47
Solve the following and respond with only the final answer: What is 71 plus 51?,Solve the following and respond with only the final answer: What is 71 plus 58?,122
Solve the following and respond with only the final answer: What is 86 plus 33?,Solve the following and respond with only the final answer: What is 86 plus 51?,119
Solve the following and respond with only the final answer: What is 24 plus 81?,Solve the following and respond with only the final answer: What is 24 plus 47?,105
Solve the following and respond with only the final answer: What is 72 plus 29?,Solve the following and respond with only the final answer: What is 72 plus 75?,101
Solve the following and respond with only the final answer: What is 64 plus 75?,Solve the following and respond with only the final answer: What is 64 plus 83?,139
Solve the following and respond with only the final answer: What is 43 plus 38?,Solve the following and respond with only the final answer: What is 43 plus 73?,81
Solve the following and respond with only the final answer: What is 97 plus 65?,Solve the following and respond with only the final answer: What is 97 plus 47?,162
Solve the following and respond with only the final answer: What is 20 plus 31?,Solve the following and respond with only the final answer: What is 20 plus 37?,51
Solve the following and respond with only the final answer: What is 83 plus 18?,Solve the following and respond with only the final answer: What is 83 plus 68?,101
Solve the following and respond with only the final answer: What is 43 plus 75?,Solve the following and respond with only the final answer: What is 43 plus 91?,118
Solve the following and respond with only the final answer: What is 98 plus 67?,Solve the following and respond with only the final answer: What is 98 plus 26?,165
Solve the following and respond with only the final answer: What is 77 plus 92?,Solve the following and respond with only the final answer: What is 77 plus 72?,169
Solve the following and respond with only the final answer: What is 33 plus 16?,Solve the following and respond with only the final answer: What is 33 plus 12?,49
Solve the following and respond with only the final answer: What is 69 plus 86?,Solve the following and respond with only the final answer: What is 69 plus 65?,155
Solve the following and respond with only the final answer: What is 30 plus 80?,Solve the following and respond with only the final answer: What is 30 plus 91?,110
Solve the following and respond with only the final answer: What is 67 plus 37?,Solve the following and respond with only the final answer: What is 67 plus 30?,104
Solve the following and respond with only the final answer: What is 93 plus 33?,Solve the following and respond with only the final answer: What is 93 plus 85?,126
Solve the following and respond with only the final answer: What is 77 plus 81?,Solve the following and respond with only the final answer: What is 77 plus 37?,158
Solve the following and respond with only the final answer: What is 37 plus 17?,Solve the following and respond with only the final answer: What is 37 plus 41?,54
Solve the following and respond with only the final answer: What is 59 plus 47?,Solve the following and respond with only the final answer: What is 59 plus 74?,106
Solve the following and respond with only the final answer: What is 36 plus 52?,Solve the following and respond with only the final answer: What is 36 plus 23?,88
Solve the following and respond with only the final answer: What is 56 plus 44?,Solve the following and respond with only the final answer: What is 56 plus 25?,100
Solve the following and respond with only the final answer: What is 68 plus 88?,Solve the following and respond with only the final answer: What is 68 plus 26?,156
Solve the following and respond with only the final answer: What is 28 plus 14?,Solve the following and respond with only the final answer: What is 28 plus 53?,42
Solve the following and respond with only the final answer: What is 10 plus 97?,Solve the following and respond with only the final answer: What is 10 plus 55?,107
Solve the following and respond with only the final answer: What is 29 plus 47?,Solve the following and respond with only the final answer: What is 29 plus 37?,76
Solve the following and respond with only the final answer: What is 18 plus 13?,Solve the following and respond with only the final answer: What is 18 plus 19?,31
Solve the following and respond with only the final answer: What is 79 plus 30?,Solve the following and respond with only the final answer: What is 79 plus 38?,109
Solve the following and respond with only the final answer: What is 85 plus 61?,Solve the following and respond with only the final answer: What is 85 plus 41?,146
Solve the following and respond with only the final answer: What is 20 plus 97?,Solve the following and respond with only the final answer: What is 20 plus 98?,117
Solve the following and respond with only the final answer: What is 70 plus 82?,Solve the following and respond with only the final answer: What is 70 plus 13?,152
Solve the following and respond with only the final answer: What is 56 plus 21?,Solve the following and respond with only the final answer: What is 56 plus 44?,77
Solve the following and respond with only the final answer: What is 84 plus 58?,Solve the following and respond with only the final answer: What is 84 plus 30?,142
Solve the following and respond with only the final answer: What is 86 plus 13?,Solve the following and respond with only the final answer: What is 86 plus 18?,99
Solve the following and respond with only the final answer: What is 53 plus 81?,Solve the following and respond with only the final answer: What is 53 plus 73?,134
Solve the following and respond with only the final answer: What is 51 plus 67?,Solve the following and respond with only the final answer: What is 51 plus 60?,118
Solve the following and respond with only the final answer: What is 35 plus 33?,Solve the following and respond with only the final answer: What is 35 plus 99?,68
Solve the following and respond with only the final answer: What is 58 plus 60?,Solve the following and respond with only the final answer: What is 58 plus 52?,118
Solve the following and respond with only the final answer: What is 89 plus 18?,Solve the following and respond with only the final answer: What is 89 plus 59?,107
Solve the following and respond with only the final answer: What is 30 plus 34?,Solve the following and respond with only the final answer: What is 30 plus 61?,64
Solve the following and respond with only the final answer: What is 99 plus 78?,Solve the following and respond with only the final answer: What is 99 plus 11?,177
Solve the following and respond with only the final answer: What is 79 plus 55?,Solve the following and respond with only the final answer: What is 79 plus 27?,134
Solve the following and respond with only the final answer: What is 93 plus 69?,Solve the following and respond with only the final answer: What is 93 plus 61?,162
Solve the following and respond with only the final answer: What is 59 plus 13?,Solve the following and respond with only the final answer: What is 59 plus 79?,72
Solve the following and respond with only the final answer: What is 94 plus 40?,Solve the following and respond with only the final answer: What is 94 plus 40?,134
Solve the following and respond with only the final answer: What is 15 plus 17?,Solve the following and respond with only the final answer: What is 15 plus 18?,32
Solve the following and respond with only the final answer: What is 75 plus 37?,Solve the following and respond with only the final answer: What is 75 plus 97?,112
Solve the following and respond with only the final answer: What is 42 plus 20?,Solve the following and respond with only the final answer: What is 42 plus 59?,62
Solve the following and respond with only the final answer: What is 99 plus 54?,Solve the following and respond with only the final answer: What is 99 plus 74?,153
Solve the following and respond with only the final answer: What is 51 plus 50?,Solve the following and respond with only the final answer: What is 51 plus 38?,101
Solve the following and respond with only the final answer: What is 17 plus 29?,Solve the following and respond with only the final answer: What is 17 plus 26?,46
Solve the following and respond with only the final answer: What is 91 plus 50?,Solve the following and respond with only the final answer: What is 91 plus 28?,141
Solve the following and respond with only the final answer: What is 57 plus 42?,Solve the following and respond with only the final answer: What is 57 plus 98?,99
Solve the following and respond with only the final answer: What is 75 plus 94?,Solve the following and respond with only the final answer: What is 75 plus 97?,169
Solve the following and respond with only the final answer: What is 93 plus 37?,Solve the following and respond with only the final answer: What is 93 plus 58?,130
Solve the following and respond with only the final answer: What is 60 plus 54?,Solve the following and respond with only the final answer: What is 60 plus 16?,114
Solve the following and respond with only the final answer: What is 53 plus 74?,Solve the following and respond with only the final answer: What is 53 plus 32?,127
Solve the following and respond with only the final answer: What is 55 plus 12?,Solve the following and respond with only the final answer: What is 55 plus 10?,67
Solve the following and respond with only the final answer: What is 77 plus 13?,Solve the following and respond with only the final answer: What is 77 plus 10?,90
Solve the following and respond with only the final answer: What is 85 plus 16?,Solve the following and respond with only the final answer: What is 85 plus 11?,101
Solve the following and respond with only the final answer: What is 17 plus 48?,Solve the following and respond with only the final answer: What is 17 plus 63?,65
Solve the following and respond with only the final answer: What is 54 plus 21?,Solve the following and respond with only the final answer: What is 54 plus 83?,75
Solve the following and respond with only the final answer: What is 35 plus 85?,Solve the following and respond with only the final answer: What is 35 plus 60?,120
Solve the following and respond with only the final answer: What is 35 plus 43?,Solve the following and respond with only the final answer: What is 35 plus 48?,78
Solve the following and respond with only the final answer: What is 46 plus 85?,Solve the following and respond with only the final answer: What is 46 plus 22?,131
Solve the following and respond with only the final answer: What is 83 plus 72?,Solve the following and respond with only the final answer: What is 83 plus 89?,155
Solve the following and respond with only the final answer: What is 65 plus 95?,Solve the following and respond with only the final answer: What is 65 plus 44?,160
Solve the following and respond with only the final answer: What is 28 plus 97?,Solve the following and respond with only the final answer: What is 28 plus 91?,125
Solve the following and respond with only the final answer: What is 63 plus 43?,Solve the following and respond with only the final answer: What is 63 plus 97?,106
Solve the following and respond with only the final answer: What is 58 plus 70?,Solve the following and respond with only the final answer: What is 58 plus 66?,128
Solve the following and respond with only the final answer: What is 15 plus 18?,Solve the following and respond with only the final answer: What is 15 plus 42?,33
Solve the following and respond with only the final answer: What is 67 plus 50?,Solve the following and respond with only the final answer: What is 67 plus 57?,117
Solve the following and respond with only the final answer: What is 88 plus 32?,Solve the following and respond with only the final answer: What is 88 plus 55?,120
Solve the following and respond with only the final answer: What is 44 plus 98?,Solve the following and respond with only the final answer: What is 44 plus 37?,142
Solve the following and respond with only the final answer: What is 37 plus 88?,Solve the following and respond with only the final answer: What is 37 plus 85?,125
Solve the following and respond with only the final answer: What is 26 plus 87?,Solve the following and respond with only the final answer: What is 26 plus 89?,113
Solve the following and respond with only the final answer: What is 28 plus 77?,Solve the following and respond with only the final answer: What is 28 plus 49?,105
Solve the following and respond with only the final answer: What is 47 plus 99?,Solve the following and respond with only the final answer: What is 47 plus 97?,146
Solve the following and respond with only the final answer: What is 83 plus 62?,Solve the following and respond with only the final answer: What is 83 plus 64?,145
Solve the following and respond with only the final answer: What is 70 plus 41?,Solve the following and respond with only the final answer: What is 70 plus 75?,111
Solve the following and respond with only the final answer: What is 76 plus 22?,Solve the following and respond with only the final answer: What is 76 plus 62?,98
Solve the following and respond with only the final answer: What is 24 plus 92?,Solve the following and respond with only the final answer: What is 24 plus 28?,116
Solve the following and respond with only the final answer: What is 18 plus 74?,Solve the following and respond with only the final answer: What is 18 plus 98?,92
Solve the following and respond with only the final answer: What is 22 plus 51?,Solve the following and respond with only the final answer: What is 22 plus 70?,73
Solve the following and respond with only the final answer: What is 88 plus 23?,Solve the following and respond with only the final answer: What is 88 plus 86?,111
Solve the following and respond with only the final answer: What is 52 plus 57?,Solve the following and respond with only the final answer: What is 52 plus 28?,109
Solve the following and respond with only the final answer: What is 66 plus 59?,Solve the following and respond with only the final answer: What is 66 plus 41?,125
Solve the following and respond with only the final answer: What is 95 plus 81?,Solve the following and respond with only the final answer: What is 95 plus 25?,176
Solve the following and respond with only the final answer: What is 10 plus 35?,Solve the following and respond with only the final answer: What is 10 plus 24?,45
Solve the following and respond with only the final answer: What is 43 plus 19?,Solve the following and respond with only the final answer: What is 43 plus 77?,62
Solve the following and respond with only the final answer: What is 32 plus 28?,Solve the following and respond with only the final answer: What is 32 plus 97?,60
Solve the following and respond with only the final answer: What is 51 plus 96?,Solve the following and respond with only the final answer: What is 51 plus 30?,147
Solve the following and respond with only the final answer: What is 50 plus 41?,Solve the following and respond with only the final answer: What is 50 plus 20?,91
Solve the following and respond with only the final answer: What is 14 plus 35?,Solve the following and respond with only the final answer: What is 14 plus 12?,49
Solve the following and respond with only the final answer: What is 31 plus 89?,Solve the following and respond with only the final answer: What is 31 plus 47?,120
Solve the following and respond with only the final answer: What is 42 plus 13?,Solve the following and respond with only the final answer: What is 42 plus 30?,55
Solve the following and respond with only the final answer: What is 43 plus 81?,Solve the following and respond with only the final answer: What is 43 plus 90?,124
Solve the following and respond with only the final answer: What is 28 plus 97?,Solve the following and respond with only the final answer: What is 28 plus 87?,125
Solve the following and respond with only the final answer: What is 59 plus 76?,Solve the following and respond with only the final answer: What is 59 plus 34?,135
Solve the following and respond with only the final answer: What is 76 plus 38?,Solve the following and respond with only the final answer: What is 76 plus 99?,114
Solve the following and respond with only the final answer: What is 29 plus 90?,Solve the following and respond with only the final answer: What is 29 plus 16?,119
Solve the following and respond with only the final answer: What is 88 plus 32?,Solve the following and respond with only the final answer: What is 88 plus 49?,120
Solve the following and respond with only the final answer: What is 19 plus 86?,Solve the following and respond with only the final answer: What is 19 plus 89?,105
Solve the following and respond with only the final answer: What is 86 plus 28?,Solve the following and respond with only the final answer: What is 86 plus 33?,114
Solve the following and respond with only the final answer: What is 18 plus 99?,Solve the following and respond with only the final answer: What is 18 plus 23?,117
Solve the following and respond with only the final answer: What is 69 plus 95?,Solve the following and respond with only the final answer: What is 69 plus 31?,164
Solve the following and respond with only the final answer: What is 16 plus 81?,Solve the following and respond with only the final answer: What is 16 plus 58?,97
Solve the following and respond with only the final answer: What is 17 plus 22?,Solve the following and respond with only the final answer: What is 17 plus 98?,39
Solve the following and respond with only the final answer: What is 16 plus 13?,Solve the following and respond with only the final answer: What is 16 plus 49?,29
Solve the following and respond with only the final answer: What is 60 plus 92?,Solve the following and respond with only the final answer: What is 60 plus 63?,152
Solve the following and respond with only the final answer: What is 49 plus 48?,Solve the following and respond with only the final answer: What is 49 plus 65?,97
Solve the following and respond with only the final answer: What is 33 plus 55?,Solve the following and respond with only the final answer: What is 33 plus 36?,88
Solve the following and respond with only the final answer: What is 72 plus 93?,Solve the following and respond with only the final answer: What is 72 plus 47?,165
Solve the following and respond with only the final answer: What is 72 plus 83?,Solve the following and respond with only the final answer: What is 72 plus 27?,155
Solve the following and respond with only the final answer: What is 61 plus 65?,Solve the following and respond with only the final answer: What is 61 plus 38?,126
Solve the following and respond with only the final answer: What is 86 plus 85?,Solve the following and respond with only the final answer: What is 86 plus 14?,171
Solve the following and respond with only the final answer: What is 17 plus 98?,Solve the following and respond with only the final answer: What is 17 plus 49?,115
Solve the following and respond with only the final answer: What is 82 plus 13?,Solve the following and respond with only the final answer: What is 82 plus 13?,95
Solve the following and respond with only the final answer: What is 70 plus 42?,Solve the following and respond with only the final answer: What is 70 plus 96?,112
Solve the following and respond with only the final answer: What is 34 plus 64?,Solve the following and respond with only the final answer: What is 34 plus 61?,98
Solve the following and respond with only the final answer: What is 78 plus 37?,Solve the following and respond with only the final answer: What is 78 plus 19?,115
Solve the following and respond with only the final answer: What is 87 plus 76?,Solve the following and respond with only the final answer: What is 87 plus 63?,163
Solve the following and respond with only the final answer: What is 39 plus 67?,Solve the following and respond with only the final answer: What is 39 plus 72?,106
Solve the following and respond with only the final answer: What is 99 plus 21?,Solve the following and respond with only the final answer: What is 99 plus 57?,120
Solve the following and respond with only the final answer: What is 64 plus 39?,Solve the following and respond with only the final answer: What is 64 plus 94?,103
Solve the following and respond with only the final answer: What is 27 plus 37?,Solve the following and respond with only the final answer: What is 27 plus 79?,64
Solve the following and respond with only the final answer: What is 55 plus 24?,Solve the following and respond with only the final answer: What is 55 plus 93?,79
Solve the following and respond with only the final answer: What is 27 plus 51?,Solve the following and respond with only the final answer: What is 27 plus 56?,78
Solve the following and respond with only the final answer: What is 36 plus 34?,Solve the following and respond with only the final answer: What is 36 plus 41?,70
Solve the following and respond with only the final answer: What is 62 plus 74?,Solve the following and respond with only the final answer: What is 62 plus 90?,136
Solve the following and respond with only the final answer: What is 54 plus 44?,Solve the following and respond with only the final answer: What is 54 plus 12?,98
Solve the following and respond with only the final answer: What is 13 plus 38?,Solve the following and respond with only the final answer: What is 13 plus 40?,51
Solve the following and respond with only the final answer: What is 93 plus 28?,Solve the following and respond with only the final answer: What is 93 plus 37?,121
Solve the following and respond with only the final answer: What is 82 plus 18?,Solve the following and respond with only the final answer: What is 82 plus 34?,100
Solve the following and respond with only the final answer: What is 40 plus 52?,Solve the following and respond with only the final answer: What is 40 plus 93?,92
Solve the following and respond with only the final answer: What is 93 plus 37?,Solve the following and respond with only the final answer: What is 93 plus 36?,130
Solve the following and respond with only the final answer: What is 53 plus 21?,Solve the following and respond with only the final answer: What is 53 plus 49?,74
Solve the following and respond with only the final answer: What is 95 plus 88?,Solve the following and respond with only the final answer: What is 95 plus 22?,183
Solve the following and respond with only the final answer: What is 69 plus 38?,Solve the following and respond with only the final answer: What is 69 plus 71?,107
Solve the following and respond with only the final answer: What is 81 plus 36?,Solve the following and respond with only the final answer: What is 81 plus 11?,117
Solve the following and respond with only the final answer: What is 76 plus 72?,Solve the following and respond with only the final answer: What is 76 plus 60?,148
Solve the following and respond with only the final answer: What is 45 plus 41?,Solve the following and respond with only the final answer: What is 45 plus 76?,86
Solve the following and respond with only the final answer: What is 33 plus 49?,Solve the following and respond with only the final answer: What is 33 plus 70?,82
Solve the following and respond with only the final answer: What is 65 plus 18?,Solve the following and respond with only the final answer: What is 65 plus 62?,83
Solve the following and respond with only the final answer: What is 20 plus 65?,Solve the following and respond with only the final answer: What is 20 plus 81?,85
Solve the following and respond with only the final answer: What is 54 plus 15?,Solve the following and respond with only the final answer: What is 54 plus 40?,69
Solve the following and respond with only the final answer: What is 26 plus 74?,Solve the following and respond with only the final answer: What is 26 plus 67?,100
Solve the following and respond with only the final answer: What is 82 plus 25?,Solve the following and respond with only the final answer: What is 82 plus 87?,107
Solve the following and respond with only the final answer: What is 13 plus 88?,Solve the following and respond with only the final answer: What is 13 plus 13?,101
Solve the following and respond with only the final answer: What is 95 plus 98?,Solve the following and respond with only the final answer: What is 95 plus 28?,193
Solve the following and respond with only the final answer: What is 87 plus 39?,Solve the following and respond with only the final answer: What is 87 plus 33?,126
Solve the following and respond with only the final answer: What is 64 plus 14?,Solve the following and respond with only the final answer: What is 64 plus 98?,78
Solve the following and respond with only the final answer: What is 80 plus 89?,Solve the following and respond with only the final answer: What is 80 plus 27?,169
Solve the following and respond with only the final answer: What is 60 plus 32?,Solve the following and respond with only the final answer: What is 60 plus 29?,92
Solve the following and respond with only the final answer: What is 87 plus 68?,Solve the following and respond with only the final answer: What is 87 plus 66?,155
Solve the following and respond with only the final answer: What is 34 plus 62?,Solve the following and respond with only the final answer: What is 34 plus 30?,96
Solve the following and respond with only the final answer: What is 77 plus 77?,Solve the following and respond with only the final answer: What is 77 plus 47?,154
Solve the following and respond with only the final answer: What is 58 plus 42?,Solve the following and respond with only the final answer: What is 58 plus 49?,100
Solve the following and respond with only the final answer: What is 87 plus 66?,Solve the following and respond with only the final answer: What is 87 plus 73?,153
Solve the following and respond with only the final answer: What is 47 plus 24?,Solve the following and respond with only the final answer: What is 47 plus 29?,71
Solve the following and respond with only the final answer: What is 74 plus 73?,Solve the following and respond with only the final answer: What is 74 plus 48?,147
Solve the following and respond with only the final answer: What is 21 plus 53?,Solve the following and respond with only the final answer: What is 21 plus 44?,74
Solve the following and respond with only the final answer: What is 78 plus 42?,Solve the following and respond with only the final answer: What is 78 plus 81?,120
Solve the following and respond with only the final answer: What is 53 plus 67?,Solve the following and respond with only the final answer: What is 53 plus 65?,120
Solve the following and respond with only the final answer: What is 79 plus 89?,Solve the following and respond with only the final answer: What is 79 plus 11?,168
Solve the following and respond with only the final answer: What is 92 plus 44?,Solve the following and respond with only the final answer: What is 92 plus 63?,136
Solve the following and respond with only the final answer: What is 49 plus 89?,Solve the following and respond with only the final answer: What is 49 plus 71?,138
Solve the following and respond with only the final answer: What is 17 plus 83?,Solve the following and respond with only the final answer: What is 17 plus 61?,100
Solve the following and respond with only the final answer: What is 49 plus 22?,Solve the following and respond with only the final answer: What is 49 plus 85?,71
Solve the following and respond with only the final answer: What is 42 plus 65?,Solve the following and respond with only the final answer: What is 42 plus 28?,107
Solve the following and respond with only the final answer: What is 34 plus 89?,Solve the following and respond with only the final answer: What is 34 plus 51?,123
Solve the following and respond with only the final answer: What is 46 plus 22?,Solve the following and respond with only the final answer: What is 46 plus 94?,68
Solve the following and respond with only the final answer: What is 11 plus 14?,Solve the following and respond with only the final answer: What is 11 plus 20?,25
Solve the following and respond with only the final answer: What is 28 plus 25?,Solve the following and respond with only the final answer: What is 28 plus 98?,53
Solve the following and respond with only the final answer: What is 85 plus 80?,Solve the following and respond with only the final answer: What is 85 plus 62?,165
Solve the following and respond with only the final answer: What is 49 plus 83?,Solve the following and respond with only the final answer: What is 49 plus 69?,132
Solve the following and respond with only the final answer: What is 59 plus 40?,Solve the following and respond with only the final answer: What is 59 plus 26?,99
Solve the following and respond with only the final answer: What is 98 plus 12?,Solve the following and respond with only the final answer: What is 98 plus 18?,110
Solve the following and respond with only the final answer: What is 38 plus 53?,Solve the following and respond with only the final answer: What is 38 plus 94?,91
Solve the following and respond with only the final answer: What is 22 plus 27?,Solve the following and respond with only the final answer: What is 22 plus 23?,49
Solve the following and respond with only the final answer: What is 73 plus 58?,Solve the following and respond with only the final answer: What is 73 plus 70?,131
Solve the following and respond with only the final answer: What is 50 plus 52?,Solve the following and respond with only the final answer: What is 50 plus 41?,102
Solve the following and respond with only the final answer: What is 51 plus 89?,Solve the following and respond with only the final answer: What is 51 plus 88?,140
Solve the following and respond with only the final answer: What is 15 plus 47?,Solve the following and respond with only the final answer: What is 15 plus 18?,62
Solve the following and respond with only the final answer: What is 37 plus 96?,Solve the following and respond with only the final answer: What is 37 plus 81?,133
Solve the following and respond with only the final answer: What is 48 plus 59?,Solve the following and respond with only the final answer: What is 48 plus 84?,107
Solve the following and respond with only the final answer: What is 30 plus 63?,Solve the following and respond with only the final answer: What is 30 plus 59?,93
Solve the following and respond with only the final answer: What is 31 plus 61?,Solve the following and respond with only the final answer: What is 31 plus 83?,92
Solve the following and respond with only the final answer: What is 35 plus 82?,Solve the following and respond with only the final answer: What is 35 plus 21?,117
Solve the following and respond with only the final answer: What is 50 plus 53?,Solve the following and respond with only the final answer: What is 50 plus 91?,103
Solve the following and respond with only the final answer: What is 43 plus 45?,Solve the following and respond with only the final answer: What is 43 plus 94?,88
Solve the following and respond with only the final answer: What is 97 plus 80?,Solve the following and respond with only the final answer: What is 97 plus 95?,177
Solve the following and respond with only the final answer: What is 45 plus 30?,Solve the following and respond with only the final answer: What is 45 plus 51?,75
Solve the following and respond with only the final answer: What is 38 plus 77?,Solve the following and respond with only the final answer: What is 38 plus 11?,115
Solve the following and respond with only the final answer: What is 21 plus 46?,Solve the following and respond with only the final answer: What is 21 plus 86?,67
Solve the following and respond with only the final answer: What is 49 plus 28?,Solve the following and respond with only the final answer: What is 49 plus 54?,77
Solve the following and respond with only the final answer: What is 57 plus 59?,Solve the following and respond with only the final answer: What is 57 plus 67?,116
Solve the following and respond with only the final answer: What is 84 plus 90?,Solve the following and respond with only the final answer: What is 84 plus 43?,174
Solve the following and respond with only the final answer: What is 47 plus 45?,Solve the following and respond with only the final answer: What is 47 plus 91?,92
Solve the following and respond with only the final answer: What is 83 plus 64?,Solve the following and respond with only the final answer: What is 83 plus 18?,147
Solve the following and respond with only the final answer: What is 60 plus 80?,Solve the following and respond with only the final answer: What is 60 plus 37?,140
Solve the following and respond with only the final answer: What is 30 plus 85?,Solve the following and respond with only the final answer: What is 30 plus 29?,115
Solve the following and respond with only the final answer: What is 90 plus 31?,Solve the following and respond with only the final answer: What is 90 plus 86?,121
Solve the following and respond with only the final answer: What is 39 plus 52?,Solve the following and respond with only the final answer: What is 39 plus 44?,91
Solve the following and respond with only the final answer: What is 93 plus 45?,Solve the following and respond with only the final answer: What is 93 plus 39?,138
Solve the following and respond with only the final answer: What is 15 plus 71?,Solve the following and respond with only the final answer: What is 15 plus 40?,86
Solve the following and respond with only the final answer: What is 64 plus 44?,Solve the following and respond with only the final answer: What is 64 plus 89?,108
Solve the following and respond with only the final answer: What is 79 plus 75?,Solve the following and respond with only the final answer: What is 79 plus 74?,154
Solve the following and respond with only the final answer: What is 14 plus 67?,Solve the following and respond with only the final answer: What is 14 plus 44?,81
Solve the following and respond with only the final answer: What is 74 plus 59?,Solve the following and respond with only the final answer: What is 74 plus 77?,133
Solve the following and respond with only the final answer: What is 39 plus 34?,Solve the following and respond with only the final answer: What is 39 plus 39?,73
Solve the following and respond with only the final answer: What is 31 plus 95?,Solve the following and respond with only the final answer: What is 31 plus 26?,126
Solve the following and respond with only the final answer: What is 39 plus 53?,Solve the following and respond with only the final answer: What is 39 plus 48?,92
Solve the following and respond with only the final answer: What is 21 plus 98?,Solve the following and respond with only the final answer: What is 21 plus 97?,119
Solve the following and respond with only the final answer: What is 15 plus 62?,Solve the following and respond with only the final answer: What is 15 plus 59?,77
Solve the following and respond with only the final answer: What is 13 plus 51?,Solve the following and respond with only the final answer: What is 13 plus 21?,64
Solve the following and respond with only the final answer: What is 86 plus 63?,Solve the following and respond with only the final answer: What is 86 plus 13?,149
Solve the following and respond with only the final answer: What is 31 plus 18?,Solve the following and respond with only the final answer: What is 31 plus 75?,49
Solve the following and respond with only the final answer: What is 51 plus 53?,Solve the following and respond with only the final answer: What is 51 plus 50?,104
Solve the following and respond with only the final answer: What is 75 plus 36?,Solve the following and respond with only the final answer: What is 75 plus 25?,111
Solve the following and respond with only the final answer: What is 19 plus 47?,Solve the following and respond with only the final answer: What is 19 plus 40?,66
Solve the following and respond with only the final answer: What is 96 plus 37?,Solve the following and respond with only the final answer: What is 96 plus 85?,133
Solve the following and respond with only the final answer: What is 76 plus 87?,Solve the following and respond with only the final answer: What is 76 plus 31?,163
Solve the following and respond with only the final answer: What is 47 plus 74?,Solve the following and respond with only the final answer: What is 47 plus 71?,121
Solve the following and respond with only the final answer: What is 33 plus 66?,Solve the following and respond with only the final answer: What is 33 plus 21?,99
Solve the following and respond with only the final answer: What is 90 plus 42?,Solve the following and respond with only the final answer: What is 90 plus 10?,132
Solve the following and respond with only the final answer: What is 26 plus 62?,Solve the following and respond with only the final answer: What is 26 plus 90?,88
Solve the following and respond with only the final answer: What is 90 plus 54?,Solve the following and respond with only the final answer: What is 90 plus 57?,144
Solve the following and respond with only the final answer: What is 97 plus 44?,Solve the following and respond with only the final answer: What is 97 plus 13?,141
Solve the following and respond with only the final answer: What is 89 plus 47?,Solve the following and respond with only the final answer: What is 89 plus 32?,136
Solve the following and respond with only the final answer: What is 78 plus 38?,Solve the following and respond with only the final answer: What is 78 plus 97?,116
Solve the following and respond with only the final answer: What is 42 plus 58?,Solve the following and respond with only the final answer: What is 42 plus 30?,100
Solve the following and respond with only the final answer: What is 15 plus 97?,Solve the following and respond with only the final answer: What is 15 plus 71?,112
Solve the following and respond with only the final answer: What is 36 plus 83?,Solve the following and respond with only the final answer: What is 36 plus 19?,119
Solve the following and respond with only the final answer: What is 20 plus 21?,Solve the following and respond with only the final answer: What is 20 plus 85?,41
Solve the following and respond with only the final answer: What is 96 plus 87?,Solve the following and respond with only the final answer: What is 96 plus 99?,183
Solve the following and respond with only the final answer: What is 96 plus 99?,Solve the following and respond with only the final answer: What is 96 plus 98?,195
Solve the following and respond with only the final answer: What is 23 plus 64?,Solve the following and respond with only the final answer: What is 23 plus 36?,87
Solve the following and respond with only the final answer: What is 56 plus 13?,Solve the following and respond with only the final answer: What is 56 plus 63?,69
Solve the following and respond with only the final answer: What is 53 plus 19?,Solve the following and respond with only the final answer: What is 53 plus 37?,72
Solve the following and respond with only the final answer: What is 92 plus 45?,Solve the following and respond with only the final answer: What is 92 plus 36?,137
Solve the following and respond with only the final answer: What is 58 plus 69?,Solve the following and respond with only the final answer: What is 58 plus 68?,127
Solve the following and respond with only the final answer: What is 59 plus 93?,Solve the following and respond with only the final answer: What is 59 plus 63?,152
Solve the following and respond with only the final answer: What is 11 plus 35?,Solve the following and respond with only the final answer: What is 11 plus 50?,46
Solve the following and respond with only the final answer: What is 54 plus 87?,Solve the following and respond with only the final answer: What is 54 plus 66?,141
Solve the following and respond with only the final answer: What is 80 plus 81?,Solve the following and respond with only the final answer: What is 80 plus 74?,161
Solve the following and respond with only the final answer: What is 43 plus 17?,Solve the following and respond with only the final answer: What is 43 plus 40?,60
Solve the following and respond with only the final answer: What is 58 plus 32?,Solve the following and respond with only the final answer: What is 58 plus 37?,90
Solve the following and respond with only the final answer: What is 59 plus 75?,Solve the following and respond with only the final answer: What is 59 plus 43?,134
Solve the following and respond with only the final answer: What is 45 plus 60?,Solve the following and respond with only the final answer: What is 45 plus 67?,105
Solve the following and respond with only the final answer: What is 92 plus 87?,Solve the following and respond with only the final answer: What is 92 plus 23?,179
Solve the following and respond with only the final answer: What is 97 plus 94?,Solve the following and respond with only the final answer: What is 97 plus 71?,191
Solve the following and respond with only the final answer: What is 55 plus 92?,Solve the following and respond with only the final answer: What is 55 plus 97?,147
Solve the following and respond with only the final answer: What is 31 plus 54?,Solve the following and respond with only the final answer: What is 31 plus 36?,85
Solve the following and respond with only the final answer: What is 11 plus 97?,Solve the following and respond with only the final answer: What is 11 plus 14?,108
Solve the following and respond with only the final answer: What is 94 plus 93?,Solve the following and respond with only the final answer: What is 94 plus 96?,187
Solve the following and respond with only the final answer: What is 18 plus 47?,Solve the following and respond with only the final answer: What is 18 plus 94?,65
Solve the following and respond with only the final answer: What is 85 plus 14?,Solve the following and respond with only the final answer: What is 85 plus 13?,99
Solve the following and respond with only the final answer: What is 57 plus 35?,Solve the following and respond with only the final answer: What is 57 plus 54?,92
Solve the following and respond with only the final answer: What is 77 plus 95?,Solve the following and respond with only the final answer: What is 77 plus 90?,172
Solve the following and respond with only the final answer: What is 21 plus 43?,Solve the following and respond with only the final answer: What is 21 plus 89?,64
Solve the following and respond with only the final answer: What is 92 plus 89?,Solve the following and respond with only the final answer: What is 92 plus 74?,181
Solve the following and respond with only the final answer: What is 51 plus 33?,Solve the following and respond with only the final answer: What is 51 plus 27?,84
Solve the following and respond with only the final answer: What is 34 plus 90?,Solve the following and respond with only the final answer: What is 34 plus 48?,124
Solve the following and respond with only the final answer: What is 57 plus 50?,Solve the following and respond with only the final answer: What is 57 plus 29?,107
Solve the following and respond with only the final answer: What is 73 plus 20?,Solve the following and respond with only the final answer: What is 73 plus 92?,93
Solve the following and respond with only the final answer: What is 84 plus 37?,Solve the following and respond with only the final answer: What is 84 plus 47?,121
Solve the following and respond with only the final answer: What is 59 plus 87?,Solve the following and respond with only the final answer: What is 59 plus 95?,146
Solve the following and respond with only the final answer: What is 91 plus 71?,Solve the following and respond with only the final answer: What is 91 plus 41?,162
Solve the following and respond with only the final answer: What is 64 plus 32?,Solve the following and respond with only the final answer: What is 64 plus 49?,96
Solve the following and respond with only the final answer: What is 95 plus 48?,Solve the following and respond with only the final answer: What is 95 plus 87?,143
Solve the following and respond with only the final answer: What is 48 plus 19?,Solve the following and respond with only the final answer: What is 48 plus 66?,67
Solve the following and respond with only the final answer: What is 72 plus 93?,Solve the following and respond with only the final answer: What is 72 plus 43?,165
Solve the following and respond with only the final answer: What is 12 plus 78?,Solve the following and respond with only the final answer: What is 12 plus 29?,90
Solve the following and respond with only the final answer: What is 90 plus 57?,Solve the following and respond with only the final answer: What is 90 plus 17?,147
Solve the following and respond with only the final answer: What is 14 plus 96?,Solve the following and respond with only the final answer: What is 14 plus 43?,110
Solve the following and respond with only the final answer: What is 41 plus 65?,Solve the following and respond with only the final answer: What is 41 plus 11?,106
Solve the following and respond with only the final answer: What is 42 plus 50?,Solve the following and respond with only the final answer: What is 42 plus 19?,92
Solve the following and respond with only the final answer: What is 37 plus 97?,Solve the following and respond with only the final answer: What is 37 plus 52?,134
Solve the following and respond with only the final answer: What is 99 plus 83?,Solve the following and respond with only the final answer: What is 99 plus 69?,182
Solve the following and respond with only the final answer: What is 97 plus 29?,Solve the following and respond with only the final answer: What is 97 plus 18?,126
Solve the following and respond with only the final answer: What is 14 plus 42?,Solve the following and respond with only the final answer: What is 14 plus 15?,56
Solve the following and respond with only the final answer: What is 94 plus 99?,Solve the following and respond with only the final answer: What is 94 plus 81?,193
Solve the following and respond with only the final answer: What is 23 plus 90?,Solve the following and respond with only the final answer: What is 23 plus 73?,113
Solve the following and respond with only the final answer: What is 81 plus 32?,Solve the following and respond with only the final answer: What is 81 plus 24?,113
Solve the following and respond with only the final answer: What is 99 plus 65?,Solve the following and respond with only the final answer: What is 99 plus 57?,164
Solve the following and respond with only the final answer: What is 17 plus 80?,Solve the following and respond with only the final answer: What is 17 plus 46?,97
Solve the following and respond with only the final answer: What is 35 plus 61?,Solve the following and respond with only the final answer: What is 35 plus 65?,96
Solve the following and respond with only the final answer: What is 83 plus 24?,Solve the following and respond with only the final answer: What is 83 plus 59?,107
Solve the following and respond with only the final answer: What is 78 plus 40?,Solve the following and respond with only the final answer: What is 78 plus 98?,118
Solve the following and respond with only the final answer: What is 79 plus 14?,Solve the following and respond with only the final answer: What is 79 plus 69?,93
Solve the following and respond with only the final answer: What is 80 plus 97?,Solve the following and respond with only the final answer: What is 80 plus 33?,177
Solve the following and respond with only the final answer: What is 70 plus 35?,Solve the following and respond with only the final answer: What is 70 plus 52?,105
Solve the following and respond with only the final answer: What is 78 plus 47?,Solve the following and respond with only the final answer: What is 78 plus 74?,125
Solve the following and respond with only the final answer: What is 37 plus 75?,Solve the following and respond with only the final answer: What is 37 plus 29?,112
Solve the following and respond with only the final answer: What is 15 plus 14?,Solve the following and respond with only the final answer: What is 15 plus 92?,29
Solve the following and respond with only the final answer: What is 62 plus 87?,Solve the following and respond with only the final answer: What is 62 plus 45?,149
Solve the following and respond with only the final answer: What is 48 plus 10?,Solve the following and respond with only the final answer: What is 48 plus 47?,58
Solve the following and respond with only the final answer: What is 12 plus 43?,Solve the following and respond with only the final answer: What is 12 plus 96?,55
Solve the following and respond with only the final answer: What is 50 plus 90?,Solve the following and respond with only the final answer: What is 50 plus 34?,140
Solve the following and respond with only the final answer: What is 51 plus 71?,Solve the following and respond with only the final answer: What is 51 plus 55?,122
Solve the following and respond with only the final answer: What is 14 plus 71?,Solve the following and respond with only the final answer: What is 14 plus 50?,85
Solve the following and respond with only the final answer: What is 94 plus 86?,Solve the following and respond with only the final answer: What is 94 plus 54?,180
Solve the following and respond with only the final answer: What is 74 plus 65?,Solve the following and respond with only the final answer: What is 74 plus 66?,139
Solve the following and respond with only the final answer: What is 56 plus 15?,Solve the following and respond with only the final answer: What is 56 plus 56?,71
Solve the following and respond with only the final answer: What is 75 plus 90?,Solve the following and respond with only the final answer: What is 75 plus 30?,165
Solve the following and respond with only the final answer: What is 79 plus 53?,Solve the following and respond with only the final answer: What is 79 plus 72?,132
Solve the following and respond with only the final answer: What is 70 plus 92?,Solve the following and respond with only the final answer: What is 70 plus 88?,162
Solve the following and respond with only the final answer: What is 58 plus 87?,Solve the following and respond with only the final answer: What is 58 plus 78?,145
Solve the following and respond with only the final answer: What is 13 plus 50?,Solve the following and respond with only the final answer: What is 13 plus 77?,63
Solve the following and respond with only the final answer: What is 79 plus 13?,Solve the following and respond with only the final answer: What is 79 plus 81?,92
Solve the following and respond with only the final answer: What is 66 plus 17?,Solve the following and respond with only the final answer: What is 66 plus 60?,83
Solve the following and respond with only the final answer: What is 61 plus 54?,Solve the following and respond with only the final answer: What is 61 plus 66?,115
Solve the following and respond with only the final answer: What is 80 plus 74?,Solve the following and respond with only the final answer: What is 80 plus 52?,154
Solve the following and respond with only the final answer: What is 19 plus 26?,Solve the following and respond with only the final answer: What is 19 plus 78?,45
Solve the following and respond with only the final answer: What is 69 plus 47?,Solve the following and respond with only the final answer: What is 69 plus 40?,116
Solve the following and respond with only the final answer: What is 72 plus 56?,Solve the following and respond with only the final answer: What is 72 plus 66?,128
Solve the following and respond with only the final answer: What is 45 plus 18?,Solve the following and respond with only the final answer: What is 45 plus 29?,63
Solve the following and respond with only the final answer: What is 11 plus 84?,Solve the following and respond with only the final answer: What is 11 plus 78?,95
Solve the following and respond with only the final answer: What is 93 plus 48?,Solve the following and respond with only the final answer: What is 93 plus 28?,141
Solve the following and respond with only the final answer: What is 55 plus 69?,Solve the following and respond with only the final answer: What is 55 plus 52?,124
Solve the following and respond with only the final answer: What is 64 plus 94?,Solve the following and respond with only the final answer: What is 64 plus 30?,158
Solve the following and respond with only the final answer: What is 20 plus 76?,Solve the following and respond with only the final answer: What is 20 plus 78?,96
Solve the following and respond with only the final answer: What is 30 plus 39?,Solve the following and respond with only the final answer: What is 30 plus 77?,69
Solve the following and respond with only the final answer: What is 60 plus 75?,Solve the following and respond with only the final answer: What is 60 plus 90?,135
Solve the following and respond with only the final answer: What is 66 plus 62?,Solve the following and respond with only the final answer: What is 66 plus 51?,128
Solve the following and respond with only the final answer: What is 34 plus 26?,Solve the following and respond with only the final answer: What is 34 plus 15?,60
Solve the following and respond with only the final answer: What is 59 plus 80?,Solve the following and respond with only the final answer: What is 59 plus 10?,139
Solve the following and respond with only the final answer: What is 27 plus 30?,Solve the following and respond with only the final answer: What is 27 plus 46?,57
Solve the following and respond with only the final answer: What is 22 plus 60?,Solve the following and respond with only the final answer: What is 22 plus 15?,82
Solve the following and respond with only the final answer: What is 86 plus 14?,Solve the following and respond with only the final answer: What is 86 plus 99?,100
Solve the following and respond with only the final answer: What is 69 plus 90?,Solve the following and respond with only the final answer: What is 69 plus 83?,159
Solve the following and respond with only the final answer: What is 79 plus 81?,Solve the following and respond with only the final answer: What is 79 plus 44?,160
Solve the following and respond with only the final answer: What is 54 plus 29?,Solve the following and respond with only the final answer: What is 54 plus 32?,83
Solve the following and respond with only the final answer: What is 37 plus 39?,Solve the following and respond with only the final answer: What is 37 plus 59?,76
Solve the following and respond with only the final answer: What is 94 plus 90?,Solve the following and respond with only the final answer: What is 94 plus 44?,184
Solve the following and respond with only the final answer: What is 80 plus 79?,Solve the following and respond with only the final answer: What is 80 plus 94?,159
Solve the following and respond with only the final answer: What is 83 plus 79?,Solve the following and respond with only the final answer: What is 83 plus 96?,162
Solve the following and respond with only the final answer: What is 65 plus 51?,Solve the following and respond with only the final answer: What is 65 plus 49?,116
Solve the following and respond with only the final answer: What is 70 plus 42?,Solve the following and respond with only the final answer: What is 70 plus 84?,112
Solve the following and respond with only the final answer: What is 76 plus 97?,Solve the following and respond with only the final answer: What is 76 plus 91?,173
Solve the following and respond with only the final answer: What is 31 plus 73?,Solve the following and respond with only the final answer: What is 31 plus 23?,104
Solve the following and respond with only the final answer: What is 35 plus 71?,Solve the following and respond with only the final answer: What is 35 plus 63?,106
Solve the following and respond with only the final answer: What is 50 plus 49?,Solve the following and respond with only the final answer: What is 50 plus 22?,99
Solve the following and respond with only the final answer: What is 50 plus 26?,Solve the following and respond with only the final answer: What is 50 plus 21?,76
Solve the following and respond with only the final answer: What is 50 plus 92?,Solve the following and respond with only the final answer: What is 50 plus 37?,142
Solve the following and respond with only the final answer: What is 87 plus 70?,Solve the following and respond with only the final answer: What is 87 plus 42?,157
Solve the following and respond with only the final answer: What is 38 plus 42?,Solve the following and respond with only the final answer: What is 38 plus 94?,80
Solve the following and respond with only the final answer: What is 90 plus 64?,Solve the following and respond with only the final answer: What is 90 plus 85?,154
Solve the following and respond with only the final answer: What is 98 plus 58?,Solve the following and respond with only the final answer: What is 98 plus 63?,156
Solve the following and respond with only the final answer: What is 19 plus 29?,Solve the following and respond with only the final answer: What is 19 plus 48?,48
Solve the following and respond with only the final answer: What is 47 plus 11?,Solve the following and respond with only the final answer: What is 47 plus 89?,58
Solve the following and respond with only the final answer: What is 70 plus 25?,Solve the following and respond with only the final answer: What is 70 plus 50?,95
Solve the following and respond with only the final answer: What is 25 plus 29?,Solve the following and respond with only the final answer: What is 25 plus 29?,54
Solve the following and respond with only the final answer: What is 81 plus 35?,Solve the following and respond with only the final answer: What is 81 plus 96?,116
Solve the following and respond with only the final answer: What is 15 plus 50?,Solve the following and respond with only the final answer: What is 15 plus 34?,65
Solve the following and respond with only the final answer: What is 89 plus 90?,Solve the following and respond with only the final answer: What is 89 plus 90?,179
Solve the following and respond with only the final answer: What is 24 plus 26?,Solve the following and respond with only the final answer: What is 24 plus 63?,50
Solve the following and respond with only the final answer: What is 93 plus 27?,Solve the following and respond with only the final answer: What is 93 plus 58?,120
Solve the following and respond with only the final answer: What is 72 plus 42?,Solve the following and respond with only the final answer: What is 72 plus 87?,114
Solve the following and respond with only the final answer: What is 22 plus 64?,Solve the following and respond with only the final answer: What is 22 plus 37?,86
Solve the following and respond with only the final answer: What is 10 plus 17?,Solve the following and respond with only the final answer: What is 10 plus 93?,27
Solve the following and respond with only the final answer: What is 60 plus 90?,Solve the following and respond with only the final answer: What is 60 plus 81?,150
Solve the following and respond with only the final answer: What is 22 plus 17?,Solve the following and respond with only the final answer: What is 22 plus 43?,39
Solve the following and respond with only the final answer: What is 22 plus 52?,Solve the following and respond with only the final answer: What is 22 plus 31?,74
Solve the following and respond with only the final answer: What is 79 plus 19?,Solve the following and respond with only the final answer: What is 79 plus 33?,98
Solve the following and respond with only the final answer: What is 90 plus 18?,Solve the following and respond with only the final answer: What is 90 plus 30?,108
Solve the following and respond with only the final answer: What is 22 plus 82?,Solve the following and respond with only the final answer: What is 22 plus 60?,104
Solve the following and respond with only the final answer: What is 79 plus 15?,Solve the following and respond with only the final answer: What is 79 plus 87?,94
Solve the following and respond with only the final answer: What is 86 plus 13?,Solve the following and respond with only the final answer: What is 86 plus 22?,99
Solve the following and respond with only the final answer: What is 87 plus 67?,Solve the following and respond with only the final answer: What is 87 plus 64?,154
Solve the following and respond with only the final answer: What is 89 plus 69?,Solve the following and respond with only the final answer: What is 89 plus 58?,158
Solve the following and respond with only the final answer: What is 99 plus 47?,Solve the following and respond with only the final answer: What is 99 plus 21?,146
Solve the following and respond with only the final answer: What is 24 plus 37?,Solve the following and respond with only the final answer: What is 24 plus 52?,61
Solve the following and respond with only the final answer: What is 41 plus 40?,Solve the following and respond with only the final answer: What is 41 plus 41?,81
Solve the following and respond with only the final answer: What is 24 plus 94?,Solve the following and respond with only the final answer: What is 24 plus 84?,118
Solve the following and respond with only the final answer: What is 62 plus 46?,Solve the following and respond with only the final answer: What is 62 plus 33?,108
Solve the following and respond with only the final answer: What is 66 plus 79?,Solve the following and respond with only the final answer: What is 66 plus 95?,145
Solve the following and respond with only the final answer: What is 37 plus 19?,Solve the following and respond with only the final answer: What is 37 plus 72?,56
Solve the following and respond with only the final answer: What is 77 plus 85?,Solve the following and respond with only the final answer: What is 77 plus 79?,162
Solve the following and respond with only the final answer: What is 70 plus 56?,Solve the following and respond with only the final answer: What is 70 plus 63?,126
Solve the following and respond with only the final answer: What is 79 plus 31?,Solve the following and respond with only the final answer: What is 79 plus 40?,110
Solve the following and respond with only the final answer: What is 86 plus 99?,Solve the following and respond with only the final answer: What is 86 plus 32?,185
Solve the following and respond with only the final answer: What is 75 plus 37?,Solve the following and respond with only the final answer: What is 75 plus 55?,112
Solve the following and respond with only the final answer: What is 61 plus 10?,Solve the following and respond with only the final answer: What is 61 plus 95?,71
Solve the following and respond with only the final answer: What is 78 plus 71?,Solve the following and respond with only the final answer: What is 78 plus 10?,149
Solve the following and respond with only the final answer: What is 82 plus 52?,Solve the following and respond with only the final answer: What is 82 plus 86?,134
Solve the following and respond with only the final answer: What is 26 plus 28?,Solve the following and respond with only the final answer: What is 26 plus 62?,54
Solve the following and respond with only the final answer: What is 95 plus 14?,Solve the following and respond with only the final answer: What is 95 plus 38?,109
Solve the following and respond with only the final answer: What is 19 plus 85?,Solve the following and respond with only the final answer: What is 19 plus 64?,104
Solve the following and respond with only the final answer: What is 19 plus 37?,Solve the following and respond with only the final answer: What is 19 plus 44?,56
Solve the following and respond with only the final answer: What is 34 plus 87?,Solve the following and respond with only the final answer: What is 34 plus 92?,121
Solve the following and respond with only the final answer: What is 38 plus 21?,Solve the following and respond with only the final answer: What is 38 plus 51?,59
Solve the following and respond with only the final answer: What is 32 plus 14?,Solve the following and respond with only the final answer: What is 32 plus 14?,46
Solve the following and respond with only the final answer: What is 81 plus 22?,Solve the following and respond with only the final answer: What is 81 plus 66?,103
Solve the following and respond with only the final answer: What is 20 plus 42?,Solve the following and respond with only the final answer: What is 20 plus 81?,62
Solve the following and respond with only the final answer: What is 71 plus 39?,Solve the following and respond with only the final answer: What is 71 plus 79?,110
Solve the following and respond with only the final answer: What is 84 plus 40?,Solve the following and respond with only the final answer: What is 84 plus 82?,124
Solve the following and respond with only the final answer: What is 23 plus 92?,Solve the following and respond with only the final answer: What is 23 plus 83?,115
Solve the following and respond with only the final answer: What is 74 plus 15?,Solve the following and respond with only the final answer: What is 74 plus 33?,89
Solve the following and respond with only the final answer: What is 51 plus 28?,Solve the following and respond with only the final answer: What is 51 plus 90?,79
Solve the following and respond with only the final answer: What is 87 plus 81?,Solve the following and respond with only the final answer: What is 87 plus 38?,168
Solve the following and respond with only the final answer: What is 58 plus 90?,Solve the following and respond with only the final answer: What is 58 plus 57?,148
Solve the following and respond with only the final answer: What is 58 plus 70?,Solve the following and respond with only the final answer: What is 58 plus 57?,128
Solve the following and respond with only the final answer: What is 51 plus 39?,Solve the following and respond with only the final answer: What is 51 plus 39?,90
Solve the following and respond with only the final answer: What is 55 plus 13?,Solve the following and respond with only the final answer: What is 55 plus 96?,68
Solve the following and respond with only the final answer: What is 25 plus 29?,Solve the following and respond with only the final answer: What is 25 plus 71?,54
Solve the following and respond with only the final answer: What is 99 plus 28?,Solve the following and respond with only the final answer: What is 99 plus 49?,127
Solve the following and respond with only the final answer: What is 97 plus 82?,Solve the following and respond with only the final answer: What is 97 plus 39?,179
Solve the following and respond with only the final answer: What is 97 plus 72?,Solve the following and respond with only the final answer: What is 97 plus 80?,169
Solve the following and respond with only the final answer: What is 17 plus 24?,Solve the following and respond with only the final answer: What is 17 plus 61?,41
Solve the following and respond with only the final answer: What is 30 plus 79?,Solve the following and respond with only the final answer: What is 30 plus 62?,109
Solve the following and respond with only the final answer: What is 11 plus 68?,Solve the following and respond with only the final answer: What is 11 plus 18?,79
Solve the following and respond with only the final answer: What is 62 plus 18?,Solve the following and respond with only the final answer: What is 62 plus 35?,80
Solve the following and respond with only the final answer: What is 20 plus 48?,Solve the following and respond with only the final answer: What is 20 plus 70?,68
Solve the following and respond with only the final answer: What is 37 plus 57?,Solve the following and respond with only the final answer: What is 37 plus 12?,94
Solve the following and respond with only the final answer: What is 86 plus 76?,Solve the following and respond with only the final answer: What is 86 plus 35?,162
Solve the following and respond with only the final answer: What is 21 plus 70?,Solve the following and respond with only the final answer: What is 21 plus 87?,91
Solve the following and respond with only the final answer: What is 53 plus 57?,Solve the following and respond with only the final answer: What is 53 plus 96?,110
Solve the following and respond with only the final answer: What is 81 plus 24?,Solve the following and respond with only the final answer: What is 81 plus 40?,105
Solve the following and respond with only the final answer: What is 64 plus 29?,Solve the following and respond with only the final answer: What is 64 plus 26?,93
Solve the following and respond with only the final answer: What is 11 plus 52?,Solve the following and respond with only the final answer: What is 11 plus 86?,63
Solve the following and respond with only the final answer: What is 60 plus 14?,Solve the following and respond with only the final answer: What is 60 plus 85?,74
Solve the following and respond with only the final answer: What is 34 plus 74?,Solve the following and respond with only the final answer: What is 34 plus 66?,108
Solve the following and respond with only the final answer: What is 16 plus 91?,Solve the following and respond with only the final answer: What is 16 plus 47?,107
Solve the following and respond with only the final answer: What is 92 plus 50?,Solve the following and respond with only the final answer: What is 92 plus 68?,142
Solve the following and respond with only the final answer: What is 18 plus 30?,Solve the following and respond with only the final answer: What is 18 plus 80?,48
Solve the following and respond with only the final answer: What is 57 plus 71?,Solve the following and respond with only the final answer: What is 57 plus 35?,128
Solve the following and respond with only the final answer: What is 54 plus 37?,Solve the following and respond with only the final answer: What is 54 plus 67?,91
Solve the following and respond with only the final answer: What is 41 plus 31?,Solve the following and respond with only the final answer: What is 41 plus 22?,72
Solve the following and respond with only the final answer: What is 30 plus 66?,Solve the following and respond with only the final answer: What is 30 plus 47?,96
Solve the following and respond with only the final answer: What is 80 plus 63?,Solve the following and respond with only the final answer: What is 80 plus 59?,143
Solve the following and respond with only the final answer: What is 43 plus 79?,Solve the following and respond with only the final answer: What is 43 plus 11?,122
Solve the following and respond with only the final answer: What is 76 plus 90?,Solve the following and respond with only the final answer: What is 76 plus 70?,166
Solve the following and respond with only the final answer: What is 51 plus 88?,Solve the following and respond with only the final answer: What is 51 plus 76?,139
Solve the following and respond with only the final answer: What is 44 plus 67?,Solve the following and respond with only the final answer: What is 44 plus 57?,111
Solve the following and respond with only the final answer: What is 79 plus 85?,Solve the following and respond with only the final answer: What is 79 plus 60?,164
Solve the following and respond with only the final answer: What is 48 plus 41?,Solve the following and respond with only the final answer: What is 48 plus 38?,89
Solve the following and respond with only the final answer: What is 30 plus 21?,Solve the following and respond with only the final answer: What is 30 plus 24?,51
Solve the following and respond with only the final answer: What is 58 plus 86?,Solve the following and respond with only the final answer: What is 58 plus 56?,144
Solve the following and respond with only the final answer: What is 49 plus 12?,Solve the following and respond with only the final answer: What is 49 plus 69?,61
Solve the following and respond with only the final answer: What is 78 plus 66?,Solve the following and respond with only the final answer: What is 78 plus 89?,144
Solve the following and respond with only the final answer: What is 99 plus 85?,Solve the following and respond with only the final answer: What is 99 plus 47?,184
Solve the following and respond with only the final answer: What is 31 plus 34?,Solve the following and respond with only the final answer: What is 31 plus 26?,65
Solve the following and respond with only the final answer: What is 72 plus 73?,Solve the following and respond with only the final answer: What is 72 plus 29?,145
Solve the following and respond with only the final answer: What is 89 plus 84?,Solve the following and respond with only the final answer: What is 89 plus 26?,173
Solve the following and respond with only the final answer: What is 96 plus 24?,Solve the following and respond with only the final answer: What is 96 plus 95?,120
Solve the following and respond with only the final answer: What is 23 plus 12?,Solve the following and respond with only the final answer: What is 23 plus 92?,35
Solve the following and respond with only the final answer: What is 77 plus 63?,Solve the following and respond with only the final answer: What is 77 plus 86?,140
Solve the following and respond with only the final answer: What is 80 plus 65?,Solve the following and respond with only the final answer: What is 80 plus 54?,145
Solve the following and respond with only the final answer: What is 87 plus 54?,Solve the following and respond with only the final answer: What is 87 plus 14?,141
Solve the following and respond with only the final answer: What is 94 plus 76?,Solve the following and respond with only the final answer: What is 94 plus 25?,170
Solve the following and respond with only the final answer: What is 89 plus 86?,Solve the following and respond with only the final answer: What is 89 plus 37?,175
Solve the following and respond with only the final answer: What is 96 plus 62?,Solve the following and respond with only the final answer: What is 96 plus 70?,158
Solve the following and respond with only the final answer: What is 15 plus 26?,Solve the following and respond with only the final answer: What is 15 plus 60?,41
Solve the following and respond with only the final answer: What is 33 plus 72?,Solve the following and respond with only the final answer: What is 33 plus 79?,105
Solve the following and respond with only the final answer: What is 62 plus 58?,Solve the following and respond with only the final answer: What is 62 plus 40?,120
Solve the following and respond with only the final answer: What is 38 plus 91?,Solve the following and respond with only the final answer: What is 38 plus 85?,129
Solve the following and respond with only the final answer: What is 85 plus 53?,Solve the following and respond with only the final answer: What is 85 plus 34?,138
Solve the following and respond with only the final answer: What is 37 plus 84?,Solve the following and respond with only the final answer: What is 37 plus 44?,121
Solve the following and respond with only the final answer: What is 33 plus 64?,Solve the following and respond with only the final answer: What is 33 plus 65?,97
Solve the following and respond with only the final answer: What is 91 plus 24?,Solve the following and respond with only the final answer: What is 91 plus 52?,115
Solve the following and respond with only the final answer: What is 68 plus 19?,Solve the following and respond with only the final answer: What is 68 plus 72?,87
Solve the following and respond with only the final answer: What is 12 plus 23?,Solve the following and respond with only the final answer: What is 12 plus 21?,35
Solve the following and respond with only the final answer: What is 47 plus 94?,Solve the following and respond with only the final answer: What is 47 plus 58?,141
Solve the following and respond with only the final answer: What is 46 plus 82?,Solve the following and respond with only the final answer: What is 46 plus 78?,128
Solve the following and respond with only the final answer: What is 51 plus 11?,Solve the following and respond with only the final answer: What is 51 plus 11?,62
Solve the following and respond with only the final answer: What is 65 plus 78?,Solve the following and respond with only the final answer: What is 65 plus 47?,143
Solve the following and respond with only the final answer: What is 86 plus 48?,Solve the following and respond with only the final answer: What is 86 plus 24?,134
Solve the following and respond with only the final answer: What is 87 plus 35?,Solve the following and respond with only the final answer: What is 87 plus 27?,122
Solve the following and respond with only the final answer: What is 37 plus 87?,Solve the following and respond with only the final answer: What is 37 plus 15?,124
Solve the following and respond with only the final answer: What is 30 plus 89?,Solve the following and respond with only the final answer: What is 30 plus 77?,119
Solve the following and respond with only the final answer: What is 68 plus 24?,Solve the following and respond with only the final answer: What is 68 plus 88?,92
Solve the following and respond with only the final answer: What is 24 plus 43?,Solve the following and respond with only the final answer: What is 24 plus 76?,67
Solve the following and respond with only the final answer: What is 74 plus 97?,Solve the following and respond with only the final answer: What is 74 plus 95?,171
Solve the following and respond with only the final answer: What is 72 plus 65?,Solve the following and respond with only the final answer: What is 72 plus 21?,137
Solve the following and respond with only the final answer: What is 14 plus 30?,Solve the following and respond with only the final answer: What is 14 plus 44?,44
Solve the following and respond with only the final answer: What is 93 plus 27?,Solve the following and respond with only the final answer: What is 93 plus 93?,120
Solve the following and respond with only the final answer: What is 76 plus 98?,Solve the following and respond with only the final answer: What is 76 plus 66?,174
Solve the following and respond with only the final answer: What is 19 plus 39?,Solve the following and respond with only the final answer: What is 19 plus 13?,58
Solve the following and respond with only the final answer: What is 44 plus 36?,Solve the following and respond with only the final answer: What is 44 plus 10?,80
Solve the following and respond with only the final answer: What is 69 plus 46?,Solve the following and respond with only the final answer: What is 69 plus 22?,115
Solve the following and respond with only the final answer: What is 39 plus 42?,Solve the following and respond with only the final answer: What is 39 plus 73?,81
Solve the following and respond with only the final answer: What is 94 plus 88?,Solve the following and respond with only the final answer: What is 94 plus 92?,182
Solve the following and respond with only the final answer: What is 89 plus 79?,Solve the following and respond with only the final answer: What is 89 plus 86?,168
Solve the following and respond with only the final answer: What is 14 plus 58?,Solve the following and respond with only the final answer: What is 14 plus 95?,72
Solve the following and respond with only the final answer: What is 34 plus 10?,Solve the following and respond with only the final answer: What is 34 plus 54?,44
Solve the following and respond with only the final answer: What is 28 plus 29?,Solve the following and respond with only the final answer: What is 28 plus 36?,57
Solve the following and respond with only the final answer: What is 56 plus 20?,Solve the following and respond with only the final answer: What is 56 plus 40?,76
Solve the following and respond with only the final answer: What is 38 plus 75?,Solve the following and respond with only the final answer: What is 38 plus 60?,113
Solve the following and respond with only the final answer: What is 36 plus 90?,Solve the following and respond with only the final answer: What is 36 plus 44?,126
Solve the following and respond with only the final answer: What is 18 plus 54?,Solve the following and respond with only the final answer: What is 18 plus 28?,72
Solve the following and respond with only the final answer: What is 62 plus 54?,Solve the following and respond with only the final answer: What is 62 plus 91?,116
Solve the following and respond with only the final answer: What is 36 plus 79?,Solve the following and respond with only the final answer: What is 36 plus 45?,115
Solve the following and respond with only the final answer: What is 45 plus 18?,Solve the following and respond with only the final answer: What is 45 plus 31?,63
Solve the following and respond with only the final answer: What is 40 plus 98?,Solve the following and respond with only the final answer: What is 40 plus 61?,138
Solve the following and respond with only the final answer: What is 23 plus 22?,Solve the following and respond with only the final answer: What is 23 plus 40?,45
Solve the following and respond with only the final answer: What is 13 plus 65?,Solve the following and respond with only the final answer: What is 13 plus 39?,78
Solve the following and respond with only the final answer: What is 15 plus 42?,Solve the following and respond with only the final answer: What is 15 plus 53?,57
Solve the following and respond with only the final answer: What is 48 plus 87?,Solve the following and respond with only the final answer: What is 48 plus 45?,135
Solve the following and respond with only the final answer: What is 66 plus 77?,Solve the following and respond with only the final answer: What is 66 plus 30?,143
Solve the following and respond with only the final answer: What is 99 plus 39?,Solve the following and respond with only the final answer: What is 99 plus 97?,138
Solve the following and respond with only the final answer: What is 62 plus 91?,Solve the following and respond with only the final answer: What is 62 plus 27?,153
Solve the following and respond with only the final answer: What is 76 plus 46?,Solve the following and respond with only the final answer: What is 76 plus 51?,122
Solve the following and respond with only the final answer: What is 87 plus 86?,Solve the following and respond with only the final answer: What is 87 plus 64?,173
Solve the following and respond with only the final answer: What is 38 plus 85?,Solve the following and respond with only the final answer: What is 38 plus 61?,123
Solve the following and respond with only the final answer: What is 83 plus 68?,Solve the following and respond with only the final answer: What is 83 plus 84?,151
Solve the following and respond with only the final answer: What is 78 plus 18?,Solve the following and respond with only the final answer: What is 78 plus 37?,96
Solve the following and respond with only the final answer: What is 83 plus 45?,Solve the following and respond with only the final answer: What is 83 plus 19?,128
Solve the following and respond with only the final answer: What is 81 plus 41?,Solve the following and respond with only the final answer: What is 81 plus 10?,122
Solve the following and respond with only the final answer: What is 20 plus 80?,Solve the following and respond with only the final answer: What is 20 plus 33?,100
Solve the following and respond with only the final answer: What is 22 plus 75?,Solve the following and respond with only the final answer: What is 22 plus 36?,97
Solve the following and respond with only the final answer: What is 69 plus 39?,Solve the following and respond with only the final answer: What is 69 plus 69?,108
Solve the following and respond with only the final answer: What is 21 plus 24?,Solve the following and respond with only the final answer: What is 21 plus 92?,45
Solve the following and respond with only the final answer: What is 18 plus 12?,Solve the following and respond with only the final answer: What is 18 plus 35?,30
Solve the following and respond with only the final answer: What is 75 plus 14?,Solve the following and respond with only the final answer: What is 75 plus 65?,89
Solve the following and respond with only the final answer: What is 51 plus 74?,Solve the following and respond with only the final answer: What is 51 plus 91?,125
Solve the following and respond with only the final answer: What is 76 plus 60?,Solve the following and respond with only the final answer: What is 76 plus 31?,136
Solve the following and respond with only the final answer: What is 14 plus 66?,Solve the following and respond with only the final answer: What is 14 plus 39?,80
Solve the following and respond with only the final answer: What is 78 plus 43?,Solve the following and respond with only the final answer: What is 78 plus 21?,121
Solve the following and respond with only the final answer: What is 48 plus 43?,Solve the following and respond with only the final answer: What is 48 plus 73?,91
Solve the following and respond with only the final answer: What is 76 plus 94?,Solve the following and respond with only the final answer: What is 76 plus 48?,170
Solve the following and respond with only the final answer: What is 41 plus 64?,Solve the following and respond with only the final answer: What is 41 plus 23?,105
Solve the following and respond with only the final answer: What is 96 plus 90?,Solve the following and respond with only the final answer: What is 96 plus 45?,186
Solve the following and respond with only the final answer: What is 18 plus 36?,Solve the following and respond with only the final answer: What is 18 plus 30?,54
Solve the following and respond with only the final answer: What is 18 plus 84?,Solve the following and respond with only the final answer: What is 18 plus 77?,102
Solve the following and respond with only the final answer: What is 18 plus 62?,Solve the following and respond with only the final answer: What is 18 plus 35?,80
Solve the following and respond with only the final answer: What is 70 plus 11?,Solve the following and respond with only the final answer: What is 70 plus 32?,81
Solve the following and respond with only the final answer: What is 64 plus 17?,Solve the following and respond with only the final answer: What is 64 plus 56?,81
Solve the following and respond with only the final answer: What is 67 plus 67?,Solve the following and respond with only the final answer: What is 67 plus 28?,134
Solve the following and respond with only the final answer: What is 64 plus 95?,Solve the following and respond with only the final answer: What is 64 plus 51?,159
Solve the following and respond with only the final answer: What is 33 plus 10?,Solve the following and respond with only the final answer: What is 33 plus 26?,43
Solve the following and respond with only the final answer: What is 84 plus 58?,Solve the following and respond with only the final answer: What is 84 plus 81?,142
Solve the following and respond with only the final answer: What is 10 plus 59?,Solve the following and respond with only the final answer: What is 10 plus 47?,69
Solve the following and respond with only the final answer: What is 13 plus 16?,Solve the following and respond with only the final answer: What is 13 plus 32?,29
Solve the following and respond with only the final answer: What is 76 plus 43?,Solve the following and respond with only the final answer: What is 76 plus 19?,119
Solve the following and respond with only the final answer: What is 99 plus 36?,Solve the following and respond with only the final answer: What is 99 plus 33?,135
Solve the following and respond with only the final answer: What is 18 plus 17?,Solve the following and respond with only the final answer: What is 18 plus 77?,35
Solve the following and respond with only the final answer: What is 92 plus 23?,Solve the following and respond with only the final answer: What is 92 plus 23?,115
Solve the following and respond with only the final answer: What is 50 plus 52?,Solve the following and respond with only the final answer: What is 50 plus 72?,102
Solve the following and respond with only the final answer: What is 69 plus 16?,Solve the following and respond with only the final answer: What is 69 plus 15?,85
Solve the following and respond with only the final answer: What is 29 plus 52?,Solve the following and respond with only the final answer: What is 29 plus 25?,81
Solve the following and respond with only the final answer: What is 81 plus 32?,Solve the following and respond with only the final answer: What is 81 plus 14?,113
Solve the following and respond with only the final answer: What is 21 plus 32?,Solve the following and respond with only the final answer: What is 21 plus 67?,53
Solve the following and respond with only the final answer: What is 58 plus 75?,Solve the following and respond with only the final answer: What is 58 plus 62?,133
Solve the following and respond with only the final answer: What is 16 plus 31?,Solve the following and respond with only the final answer: What is 16 plus 19?,47
Solve the following and respond with only the final answer: What is 31 plus 18?,Solve the following and respond with only the final answer: What is 31 plus 27?,49
Solve the following and respond with only the final answer: What is 78 plus 64?,Solve the following and respond with only the final answer: What is 78 plus 98?,142
Solve the following and respond with only the final answer: What is 27 plus 39?,Solve the following and respond with only the final answer: What is 27 plus 72?,66
Solve the following and respond with only the final answer: What is 74 plus 27?,Solve the following and respond with only the final answer: What is 74 plus 94?,101
Solve the following and respond with only the final answer: What is 56 plus 70?,Solve the following and respond with only the final answer: What is 56 plus 40?,126
Solve the following and respond with only the final answer: What is 50 plus 20?,Solve the following and respond with only the final answer: What is 50 plus 16?,70
Solve the following and respond with only the final answer: What is 43 plus 23?,Solve the following and respond with only the final answer: What is 43 plus 81?,66
Solve the following and respond with only the final answer: What is 43 plus 80?,Solve the following and respond with only the final answer: What is 43 plus 83?,123
Solve the following and respond with only the final answer: What is 78 plus 33?,Solve the following and respond with only the final answer: What is 78 plus 97?,111
Solve the following and respond with only the final answer: What is 12 plus 55?,Solve the following and respond with only the final answer: What is 12 plus 22?,67
Solve the following and respond with only the final answer: What is 41 plus 57?,Solve the following and respond with only the final answer: What is 41 plus 15?,98
Solve the following and respond with only the final answer: What is 65 plus 18?,Solve the following and respond with only the final answer: What is 65 plus 69?,83
Solve the following and respond with only the final answer: What is 89 plus 36?,Solve the following and respond with only the final answer: What is 89 plus 79?,125
Solve the following and respond with only the final answer: What is 17 plus 91?,Solve the following and respond with only the final answer: What is 17 plus 15?,108
Solve the following and respond with only the final answer: What is 56 plus 54?,Solve the following and respond with only the final answer: What is 56 plus 22?,110
Solve the following and respond with only the final answer: What is 36 plus 10?,Solve the following and respond with only the final answer: What is 36 plus 27?,46
Solve the following and respond with only the final answer: What is 98 plus 68?,Solve the following and respond with only the final answer: What is 98 plus 54?,166
Solve the following and respond with only the final answer: What is 92 plus 75?,Solve the following and respond with only the final answer: What is 92 plus 55?,167
Solve the following and respond with only the final answer: What is 39 plus 20?,Solve the following and respond with only the final answer: What is 39 plus 28?,59
Solve the following and respond with only the final answer: What is 48 plus 38?,Solve the following and respond with only the final answer: What is 48 plus 40?,86
Solve the following and respond with only the final answer: What is 83 plus 31?,Solve the following and respond with only the final answer: What is 83 plus 92?,114
Solve the following and respond with only the final answer: What is 84 plus 67?,Solve the following and respond with only the final answer: What is 84 plus 18?,151
Solve the following and respond with only the final answer: What is 10 plus 60?,Solve the following and respond with only the final answer: What is 10 plus 34?,70
Solve the following and respond with only the final answer: What is 12 plus 23?,Solve the following and respond with only the final answer: What is 12 plus 62?,35
Solve the following and respond with only the final answer: What is 43 plus 72?,Solve the following and respond with only the final answer: What is 43 plus 65?,115
Solve the following and respond with only the final answer: What is 19 plus 59?,Solve the following and respond with only the final answer: What is 19 plus 73?,78
Solve the following and respond with only the final answer: What is 12 plus 91?,Solve the following and respond with only the final answer: What is 12 plus 26?,103
Solve the following and respond with only the final answer: What is 75 plus 38?,Solve the following and respond with only the final answer: What is 75 plus 62?,113
Solve the following and respond with only the final answer: What is 12 plus 44?,Solve the following and respond with only the final answer: What is 12 plus 99?,56
Solve the following and respond with only the final answer: What is 23 plus 79?,Solve the following and respond with only the final answer: What is 23 plus 85?,102
Solve the following and respond with only the final answer: What is 96 plus 71?,Solve the following and respond with only the final answer: What is 96 plus 33?,167
Solve the following and respond with only the final answer: What is 81 plus 93?,Solve the following and respond with only the final answer: What is 81 plus 85?,174
Solve the following and respond with only the final answer: What is 11 plus 88?,Solve the following and respond with only the final answer: What is 11 plus 85?,99
Solve the following and respond with only the final answer: What is 28 plus 84?,Solve the following and respond with only the final answer: What is 28 plus 47?,112
Solve the following and respond with only the final answer: What is 56 plus 74?,Solve the following and respond with only the final answer: What is 56 plus 59?,130
Solve the following and respond with only the final answer: What is 32 plus 39?,Solve the following and respond with only the final answer: What is 32 plus 59?,71
Solve the following and respond with only the final answer: What is 74 plus 21?,Solve the following and respond with only the final answer: What is 74 plus 76?,95
Solve the following and respond with only the final answer: What is 43 plus 46?,Solve the following and respond with only the final answer: What is 43 plus 66?,89
Solve the following and respond with only the final answer: What is 64 plus 60?,Solve the following and respond with only the final answer: What is 64 plus 75?,124
Solve the following and respond with only the final answer: What is 99 plus 63?,Solve the following and respond with only the final answer: What is 99 plus 24?,162
Solve the following and respond with only the final answer: What is 89 plus 29?,Solve the following and respond with only the final answer: What is 89 plus 89?,118
Solve the following and respond with only the final answer: What is 36 plus 10?,Solve the following and respond with only the final answer: What is 36 plus 93?,46
Solve the following and respond with only the final answer: What is 13 plus 41?,Solve the following and respond with only the final answer: What is 13 plus 62?,54
Solve the following and respond with only the final answer: What is 19 plus 55?,Solve the following and respond with only the final answer: What is 19 plus 75?,74
Solve the following and respond with only the final answer: What is 41 plus 63?,Solve the following and respond with only the final answer: What is 41 plus 49?,104
Solve the following and respond with only the final answer: What is 58 plus 34?,Solve the following and respond with only the final answer: What is 58 plus 58?,92
Solve the following and respond with only the final answer: What is 50 plus 17?,Solve the following and respond with only the final answer: What is 50 plus 47?,67
Solve the following and respond with only the final answer: What is 66 plus 45?,Solve the following and respond with only the final answer: What is 66 plus 85?,111
Solve the following and respond with only the final answer: What is 80 plus 99?,Solve the following and respond with only the final answer: What is 80 plus 75?,179
Solve the following and respond with only the final answer: What is 70 plus 96?,Solve the following and respond with only the final answer: What is 70 plus 14?,166
Solve the following and respond with only the final answer: What is 45 plus 89?,Solve the following and respond with only the final answer: What is 45 plus 70?,134
Solve the following and respond with only the final answer: What is 88 plus 63?,Solve the following and respond with only the final answer: What is 88 plus 40?,151
Solve the following and respond with only the final answer: What is 18 plus 73?,Solve the following and respond with only the final answer: What is 18 plus 24?,91
Solve the following and respond with only the final answer: What is 51 plus 61?,Solve the following and respond with only the final answer: What is 51 plus 18?,112
Solve the following and respond with only the final answer: What is 90 plus 12?,Solve the following and respond with only the final answer: What is 90 plus 80?,102
Solve the following and respond with only the final answer: What is 89 plus 67?,Solve the following and respond with only the final answer: What is 89 plus 12?,156
Solve the following and respond with only the final answer: What is 38 plus 77?,Solve the following and respond with only the final answer: What is 38 plus 44?,115
Solve the following and respond with only the final answer: What is 25 plus 15?,Solve the following and respond with only the final answer: What is 25 plus 45?,40
Solve the following and respond with only the final answer: What is 56 plus 55?,Solve the following and respond with only the final answer: What is 56 plus 13?,111
Solve the following and respond with only the final answer: What is 91 plus 91?,Solve the following and respond with only the final answer: What is 91 plus 63?,182
Solve the following and respond with only the final answer: What is 72 plus 53?,Solve the following and respond with only the final answer: What is 72 plus 53?,125
Solve the following and respond with only the final answer: What is 46 plus 40?,Solve the following and respond with only the final answer: What is 46 plus 37?,86
Solve the following and respond with only the final answer: What is 80 plus 48?,Solve the following and respond with only the final answer: What is 80 plus 17?,128
Solve the following and respond with only the final answer: What is 26 plus 48?,Solve the following and respond with only the final answer: What is 26 plus 10?,74
Solve the following and respond with only the final answer: What is 84 plus 82?,Solve the following and respond with only the final answer: What is 84 plus 38?,166
Solve the following and respond with only the final answer: What is 85 plus 52?,Solve the following and respond with only the final answer: What is 85 plus 91?,137
Solve the following and respond with only the final answer: What is 49 plus 67?,Solve the following and respond with only the final answer: What is 49 plus 51?,116
Solve the following and respond with only the final answer: What is 88 plus 74?,Solve the following and respond with only the final answer: What is 88 plus 56?,162
Solve the following and respond with only the final answer: What is 16 plus 66?,Solve the following and respond with only the final answer: What is 16 plus 45?,82
Solve the following and respond with only the final answer: What is 30 plus 91?,Solve the following and respond with only the final answer: What is 30 plus 57?,121
Solve the following and respond with only the final answer: What is 93 plus 90?,Solve the following and respond with only the final answer: What is 93 plus 47?,183
Solve the following and respond with only the final answer: What is 80 plus 59?,Solve the following and respond with only the final answer: What is 80 plus 28?,139
Solve the following and respond with only the final answer: What is 98 plus 17?,Solve the following and respond with only the final answer: What is 98 plus 73?,115
Solve the following and respond with only the final answer: What is 70 plus 68?,Solve the following and respond with only the final answer: What is 70 plus 98?,138
Solve the following and respond with only the final answer: What is 79 plus 22?,Solve the following and respond with only the final answer: What is 79 plus 33?,101
Solve the following and respond with only the final answer: What is 68 plus 26?,Solve the following and respond with only the final answer: What is 68 plus 60?,94
Solve the following and respond with only the final answer: What is 25 plus 34?,Solve the following and respond with only the final answer: What is 25 plus 39?,59
Solve the following and respond with only the final answer: What is 56 plus 67?,Solve the following and respond with only the final answer: What is 56 plus 39?,123
Solve the following and respond with only the final answer: What is 66 plus 90?,Solve the following and respond with only the final answer: What is 66 plus 41?,156
Solve the following and respond with only the final answer: What is 55 plus 28?,Solve the following and respond with only the final answer: What is 55 plus 91?,83
Solve the following and respond with only the final answer: What is 52 plus 68?,Solve the following and respond with only the final answer: What is 52 plus 53?,120
Solve the following and respond with only the final answer: What is 50 plus 59?,Solve the following and respond with only the final answer: What is 50 plus 71?,109
Solve the following and respond with only the final answer: What is 34 plus 86?,Solve the following and respond with only the final answer: What is 34 plus 28?,120
Solve the following and respond with only the final answer: What is 27 plus 42?,Solve the following and respond with only the final answer: What is 27 plus 54?,69
Solve the following and respond with only the final answer: What is 58 plus 29?,Solve the following and respond with only the final answer: What is 58 plus 41?,87
Solve the following and respond with only the final answer: What is 72 plus 68?,Solve the following and respond with only the final answer: What is 72 plus 17?,140
Solve the following and respond with only the final answer: What is 64 plus 37?,Solve the following and respond with only the final answer: What is 64 plus 69?,101
Solve the following and respond with only the final answer: What is 99 plus 96?,Solve the following and respond with only the final answer: What is 99 plus 80?,195
Solve the following and respond with only the final answer: What is 13 plus 24?,Solve the following and respond with only the final answer: What is 13 plus 88?,37
Solve the following and respond with only the final answer: What is 25 plus 68?,Solve the following and respond with only the final answer: What is 25 plus 87?,93
Solve the following and respond with only the final answer: What is 45 plus 44?,Solve the following and respond with only the final answer: What is 45 plus 46?,89
Solve the following and respond with only the final answer: What is 25 plus 50?,Solve the following and respond with only the final answer: What is 25 plus 64?,75
Solve the following and respond with only the final answer: What is 16 plus 79?,Solve the following and respond with only the final answer: What is 16 plus 58?,95
Solve the following and respond with only the final answer: What is 24 plus 46?,Solve the following and respond with only the final answer: What is 24 plus 14?,70
Solve the following and respond with only the final answer: What is 40 plus 82?,Solve the following and respond with only the final answer: What is 40 plus 82?,122
Solve the following and respond with only the final answer: What is 28 plus 25?,Solve the following and respond with only the final answer: What is 28 plus 64?,53
Solve the following and respond with only the final answer: What is 78 plus 29?,Solve the following and respond with only the final answer: What is 78 plus 42?,107
Solve the following and respond with only the final answer: What is 19 plus 54?,Solve the following and respond with only the final answer: What is 19 plus 54?,73
Solve the following and respond with only the final answer: What is 20 plus 18?,Solve the following and respond with only the final answer: What is 20 plus 30?,38
Solve the following and respond with only the final answer: What is 64 plus 23?,Solve the following and respond with only the final answer: What is 64 plus 52?,87
Solve the following and respond with only the final answer: What is 24 plus 11?,Solve the following and respond with only the final answer: What is 24 plus 49?,35
Solve the following and respond with only the final answer: What is 91 plus 47?,Solve the following and respond with only the final answer: What is 91 plus 93?,138
Solve the following and respond with only the final answer: What is 48 plus 87?,Solve the following and respond with only the final answer: What is 48 plus 48?,135
Solve the following and respond with only the final answer: What is 21 plus 17?,Solve the following and respond with only the final answer: What is 21 plus 59?,38
Solve the following and respond with only the final answer: What is 60 plus 78?,Solve the following and respond with only the final answer: What is 60 plus 13?,138
Solve the following and respond with only the final answer: What is 88 plus 58?,Solve the following and respond with only the final answer: What is 88 plus 26?,146
Solve the following and respond with only the final answer: What is 11 plus 61?,Solve the following and respond with only the final answer: What is 11 plus 93?,72
Solve the following and respond with only the final answer: What is 75 plus 33?,Solve the following and respond with only the final answer: What is 75 plus 70?,108
Solve the following and respond with only the final answer: What is 33 plus 54?,Solve the following and respond with only the final answer: What is 33 plus 83?,87
Solve the following and respond with only the final answer: What is 21 plus 31?,Solve the following and respond with only the final answer: What is 21 plus 29?,52
Solve the following and respond with only the final answer: What is 60 plus 58?,Solve the following and respond with only the final answer: What is 60 plus 28?,118
Solve the following and respond with only the final answer: What is 32 plus 66?,Solve the following and respond with only the final answer: What is 32 plus 16?,98
Solve the following and respond with only the final answer: What is 91 plus 22?,Solve the following and respond with only the final answer: What is 91 plus 32?,113
Solve the following and respond with only the final answer: What is 63 plus 19?,Solve the following and respond with only the final answer: What is 63 plus 52?,82
Solve the following and respond with only the final answer: What is 29 plus 79?,Solve the following and respond with only the final answer: What is 29 plus 33?,108
Solve the following and respond with only the final answer: What is 55 plus 20?,Solve the following and respond with only the final answer: What is 55 plus 13?,75
Solve the following and respond with only the final answer: What is 48 plus 23?,Solve the following and respond with only the final answer: What is 48 plus 94?,71
Solve the following and respond with only the final answer: What is 38 plus 87?,Solve the following and respond with only the final answer: What is 38 plus 14?,125
Solve the following and respond with only the final answer: What is 74 plus 48?,Solve the following and respond with only the final answer: What is 74 plus 70?,122
Solve the following and respond with only the final answer: What is 32 plus 45?,Solve the following and respond with only the final answer: What is 32 plus 64?,77
Solve the following and respond with only the final answer: What is 47 plus 78?,Solve the following and respond with only the final answer: What is 47 plus 14?,125
Solve the following and respond with only the final answer: What is 88 plus 67?,Solve the following and respond with only the final answer: What is 88 plus 57?,155
Solve the following and respond with only the final answer: What is 27 plus 72?,Solve the following and respond with only the final answer: What is 27 plus 87?,99
Solve the following and respond with only the final answer: What is 75 plus 83?,Solve the following and respond with only the final answer: What is 75 plus 64?,158
Solve the following and respond with only the final answer: What is 11 plus 69?,Solve the following and respond with only the final answer: What is 11 plus 25?,80
Solve the following and respond with only the final answer: What is 72 plus 25?,Solve the following and respond with only the final answer: What is 72 plus 65?,97
Solve the following and respond with only the final answer: What is 95 plus 99?,Solve the following and respond with only the final answer: What is 95 plus 38?,194
Solve the following and respond with only the final answer: What is 35 plus 76?,Solve the following and respond with only the final answer: What is 35 plus 86?,111
Solve the following and respond with only the final answer: What is 50 plus 23?,Solve the following and respond with only the final answer: What is 50 plus 47?,73
Solve the following and respond with only the final answer: What is 10 plus 13?,Solve the following and respond with only the final answer: What is 10 plus 96?,23
Solve the following and respond with only the final answer: What is 52 plus 52?,Solve the following and respond with only the final answer: What is 52 plus 87?,104
Solve the following and respond with only the final answer: What is 74 plus 49?,Solve the following and respond with only the final answer: What is 74 plus 63?,123
Solve the following and respond with only the final answer: What is 90 plus 77?,Solve the following and respond with only the final answer: What is 90 plus 86?,167
Solve the following and respond with only the final answer: What is 89 plus 48?,Solve the following and respond with only the final answer: What is 89 plus 92?,137
Solve the following and respond with only the final answer: What is 43 plus 36?,Solve the following and respond with only the final answer: What is 43 plus 53?,79
Solve the following and respond with only the final answer: What is 93 plus 94?,Solve the following and respond with only the final answer: What is 93 plus 67?,187
Solve the following and respond with only the final answer: What is 32 plus 60?,Solve the following and respond with only the final answer: What is 32 plus 21?,92
Solve the following and respond with only the final answer: What is 65 plus 60?,Solve the following and respond with only the final answer: What is 65 plus 62?,125
Solve the following and respond with only the final answer: What is 70 plus 22?,Solve the following and respond with only the final answer: What is 70 plus 26?,92
Solve the following and respond with only the final answer: What is 50 plus 85?,Solve the following and respond with only the final answer: What is 50 plus 95?,135
Solve the following and respond with only the final answer: What is 13 plus 96?,Solve the following and respond with only the final answer: What is 13 plus 34?,109
Solve the following and respond with only the final answer: What is 24 plus 69?,Solve the following and respond with only the final answer: What is 24 plus 13?,93
Solve the following and respond with only the final answer: What is 65 plus 86?,Solve the following and respond with only the final answer: What is 65 plus 27?,151
Solve the following and respond with only the final answer: What is 94 plus 46?,Solve the following and respond with only the final answer: What is 94 plus 51?,140
Solve the following and respond with only the final answer: What is 81 plus 29?,Solve the following and respond with only the final answer: What is 81 plus 18?,110
Solve the following and respond with only the final answer: What is 14 plus 17?,Solve the following and respond with only the final answer: What is 14 plus 61?,31
Solve the following and respond with only the final answer: What is 36 plus 67?,Solve the following and respond with only the final answer: What is 36 plus 66?,103
Solve the following and respond with only the final answer: What is 91 plus 45?,Solve the following and respond with only the final answer: What is 91 plus 99?,136
Solve the following and respond with only the final answer: What is 74 plus 15?,Solve the following and respond with only the final answer: What is 74 plus 35?,89
Solve the following and respond with only the final answer: What is 56 plus 18?,Solve the following and respond with only the final answer: What is 56 plus 79?,74
Solve the following and respond with only the final answer: What is 14 plus 70?,Solve the following and respond with only the final answer: What is 14 plus 28?,84
Solve the following and respond with only the final answer: What is 77 plus 47?,Solve the following and respond with only the final answer: What is 77 plus 67?,124
Solve the following and respond with only the final answer: What is 29 plus 95?,Solve the following and respond with only the final answer: What is 29 plus 80?,124
Solve the following and respond with only the final answer: What is 10 plus 77?,Solve the following and respond with only the final answer: What is 10 plus 49?,87
Solve the following and respond with only the final answer: What is 72 plus 62?,Solve the following and respond with only the final answer: What is 72 plus 20?,134
Solve the following and respond with only the final answer: What is 37 plus 59?,Solve the following and respond with only the final answer: What is 37 plus 82?,96
Solve the following and respond with only the final answer: What is 23 plus 71?,Solve the following and respond with only the final answer: What is 23 plus 49?,94
Solve the following and respond with only the final answer: What is 35 plus 20?,Solve the following and respond with only the final answer: What is 35 plus 43?,55
Solve the following and respond with only the final answer: What is 71 plus 35?,Solve the following and respond with only the final answer: What is 71 plus 52?,106
Solve the following and respond with only the final answer: What is 67 plus 53?,Solve the following and respond with only the final answer: What is 67 plus 79?,120
Solve the following and respond with only the final answer: What is 59 plus 69?,Solve the following and respond with only the final answer: What is 59 plus 54?,128
Solve the following and respond with only the final answer: What is 30 plus 35?,Solve the following and respond with only the final answer: What is 30 plus 75?,65
Solve the following and respond with only the final answer: What is 77 plus 46?,Solve the following and respond with only the final answer: What is 77 plus 39?,123
Solve the following and respond with only the final answer: What is 99 plus 18?,Solve the following and respond with only the final answer: What is 99 plus 43?,117
Solve the following and respond with only the final answer: What is 43 plus 67?,Solve the following and respond with only the final answer: What is 43 plus 30?,110
Solve the following and respond with only the final answer: What is 85 plus 58?,Solve the following and respond with only the final answer: What is 85 plus 85?,143
Solve the following and respond with only the final answer: What is 61 plus 39?,Solve the following and respond with only the final answer: What is 61 plus 30?,100
Solve the following and respond with only the final answer: What is 80 plus 64?,Solve the following and respond with only the final answer: What is 80 plus 30?,144
Solve the following and respond with only the final answer: What is 96 plus 16?,Solve the following and respond with only the final answer: What is 96 plus 20?,112
Solve the following and respond with only the final answer: What is 97 plus 56?,Solve the following and respond with only the final answer: What is 97 plus 53?,153
Solve the following and respond with only the final answer: What is 23 plus 45?,Solve the following and respond with only the final answer: What is 23 plus 96?,68
Solve the following and respond with only the final answer: What is 87 plus 18?,Solve the following and respond with only the final answer: What is 87 plus 72?,105
Solve the following and respond with only the final answer: What is 81 plus 91?,Solve the following and respond with only the final answer: What is 81 plus 84?,172
Solve the following and respond with only the final answer: What is 90 plus 49?,Solve the following and respond with only the final answer: What is 90 plus 98?,139
Solve the following and respond with only the final answer: What is 92 plus 29?,Solve the following and respond with only the final answer: What is 92 plus 90?,121
Solve the following and respond with only the final answer: What is 99 plus 18?,Solve the following and respond with only the final answer: What is 99 plus 79?,117
Solve the following and respond with only the final answer: What is 62 plus 83?,Solve the following and respond with only the final answer: What is 62 plus 49?,145
Solve the following and respond with only the final answer: What is 96 plus 27?,Solve the following and respond with only the final answer: What is 96 plus 65?,123
Solve the following and respond with only the final answer: What is 37 plus 98?,Solve the following and respond with only the final answer: What is 37 plus 75?,135
Solve the following and respond with only the final answer: What is 52 plus 53?,Solve the following and respond with only the final answer: What is 52 plus 57?,105
Solve the following and respond with only the final answer: What is 99 plus 79?,Solve the following and respond with only the final answer: What is 99 plus 89?,178
Solve the following and respond with only the final answer: What is 39 plus 14?,Solve the following and respond with only the final answer: What is 39 plus 41?,53
Solve the following and respond with only the final answer: What is 43 plus 28?,Solve the following and respond with only the final answer: What is 43 plus 98?,71
Solve the following and respond with only the final answer: What is 17 plus 18?,Solve the following and respond with only the final answer: What is 17 plus 40?,35
Solve the following and respond with only the final answer: What is 27 plus 18?,Solve the following and respond with only the final answer: What is 27 plus 18?,45
Solve the following and respond with only the final answer: What is 54 plus 60?,Solve the following and respond with only the final answer: What is 54 plus 98?,114
Solve the following and respond with only the final answer: What is 11 plus 90?,Solve the following and respond with only the final answer: What is 11 plus 52?,101
Solve the following and respond with only the final answer: What is 18 plus 64?,Solve the following and respond with only the final answer: What is 18 plus 99?,82
Solve the following and respond with only the final answer: What is 73 plus 72?,Solve the following and respond with only the final answer: What is 73 plus 88?,145
Solve the following and respond with only the final answer: What is 80 plus 15?,Solve the following and respond with only the final answer: What is 80 plus 97?,95
Solve the following and respond with only the final answer: What is 99 plus 61?,Solve the following and respond with only the final answer: What is 99 plus 14?,160
Solve the following and respond with only the final answer: What is 89 plus 38?,Solve the following and respond with only the final answer: What is 89 plus 92?,127
Solve the following and respond with only the final answer: What is 54 plus 25?,Solve the following and respond with only the final answer: What is 54 plus 84?,79
Solve the following and respond with only the final answer: What is 86 plus 29?,Solve the following and respond with only the final answer: What is 86 plus 35?,115
Solve the following and respond with only the final answer: What is 91 plus 65?,Solve the following and respond with only the final answer: What is 91 plus 71?,156
Solve the following and respond with only the final answer: What is 50 plus 44?,Solve the following and respond with only the final answer: What is 50 plus 68?,94
Solve the following and respond with only the final answer: What is 68 plus 26?,Solve the following and respond with only the final answer: What is 68 plus 19?,94
Solve the following and respond with only the final answer: What is 61 plus 99?,Solve the following and respond with only the final answer: What is 61 plus 88?,160
Solve the following and respond with only the final answer: What is 75 plus 87?,Solve the following and respond with only the final answer: What is 75 plus 77?,162
Solve the following and respond with only the final answer: What is 97 plus 84?,Solve the following and respond with only the final answer: What is 97 plus 29?,181
Solve the following and respond with only the final answer: What is 20 plus 36?,Solve the following and respond with only the final answer: What is 20 plus 65?,56
Solve the following and respond with only the final answer: What is 26 plus 23?,Solve the following and respond with only the final answer: What is 26 plus 92?,49
Solve the following and respond with only the final answer: What is 66 plus 35?,Solve the following and respond with only the final answer: What is 66 plus 63?,101
Solve the following and respond with only the final answer: What is 39 plus 35?,Solve the following and respond with only the final answer: What is 39 plus 29?,74
Solve the following and respond with only the final answer: What is 51 plus 59?,Solve the following and respond with only the final answer: What is 51 plus 37?,110
Solve the following and respond with only the final answer: What is 65 plus 27?,Solve the following and respond with only the final answer: What is 65 plus 44?,92
Solve the following and respond with only the final answer: What is 86 plus 28?,Solve the following and respond with only the final answer: What is 86 plus 90?,114
Solve the following and respond with only the final answer: What is 73 plus 78?,Solve the following and respond with only the final answer: What is 73 plus 52?,151
Solve the following and respond with only the final answer: What is 68 plus 66?,Solve the following and respond with only the final answer: What is 68 plus 31?,134
Solve the following and respond with only the final answer: What is 66 plus 99?,Solve the following and respond with only the final answer: What is 66 plus 66?,165
Solve the following and respond with only the final answer: What is 51 plus 14?,Solve the following and respond with only the final answer: What is 51 plus 98?,65
Solve the following and respond with only the final answer: What is 59 plus 43?,Solve the following and respond with only the final answer: What is 59 plus 85?,102
Solve the following and respond with only the final answer: What is 36 plus 69?,Solve the following and respond with only the final answer: What is 36 plus 96?,105
Solve the following and respond with only the final answer: What is 64 plus 21?,Solve the following and respond with only the final answer: What is 64 plus 64?,85
Solve the following and respond with only the final answer: What is 58 plus 67?,Solve the following and respond with only the final answer: What is 58 plus 73?,125
Solve the following and respond with only the final answer: What is 53 plus 88?,Solve the following and respond with only the final answer: What is 53 plus 23?,141
Solve the following and respond with only the final answer: What is 90 plus 26?,Solve the following and respond with only the final answer: What is 90 plus 84?,116
Solve the following and respond with only the final answer: What is 56 plus 64?,Solve the following and respond with only the final answer: What is 56 plus 27?,120
Solve the following and respond with only the final answer: What is 17 plus 48?,Solve the following and respond with only the final answer: What is 17 plus 46?,65
Solve the following and respond with only the final answer: What is 72 plus 39?,Solve the following and respond with only the final answer: What is 72 plus 49?,111
Solve the following and respond with only the final answer: What is 94 plus 14?,Solve the following and respond with only the final answer: What is 94 plus 44?,108
Solve the following and respond with only the final answer: What is 17 plus 47?,Solve the following and respond with only the final answer: What is 17 plus 30?,64
Solve the following and respond with only the final answer: What is 78 plus 33?,Solve the following and respond with only the final answer: What is 78 plus 11?,111
Solve the following and respond with only the final answer: What is 85 plus 20?,Solve the following and respond with only the final answer: What is 85 plus 25?,105
Solve the following and respond with only the final answer: What is 76 plus 84?,Solve the following and respond with only the final answer: What is 76 plus 22?,160
Solve the following and respond with only the final answer: What is 30 plus 18?,Solve the following and respond with only the final answer: What is 30 plus 95?,48
Solve the following and respond with only the final answer: What is 56 plus 25?,Solve the following and respond with only the final answer: What is 56 plus 23?,81
Solve the following and respond with only the final answer: What is 17 plus 52?,Solve the following and respond with only the final answer: What is 17 plus 52?,69
Solve the following and respond with only the final answer: What is 52 plus 22?,Solve the following and respond with only the final answer: What is 52 plus 71?,74
Solve the following and respond with only the final answer: What is 56 plus 95?,Solve the following and respond with only the final answer: What is 56 plus 47?,151
Solve the following and respond with only the final answer: What is 68 plus 38?,Solve the following and respond with only the final answer: What is 68 plus 31?,106
Solve the following and respond with only the final answer: What is 86 plus 13?,Solve the following and respond with only the final answer: What is 86 plus 87?,99
Solve the following and respond with only the final answer: What is 80 plus 47?,Solve the following and respond with only the final answer: What is 80 plus 86?,127
Solve the following and respond with only the final answer: What is 97 plus 79?,Solve the following and respond with only the final answer: What is 97 plus 11?,176
Solve the following and respond with only the final answer: What is 75 plus 27?,Solve the following and respond with only the final answer: What is 75 plus 47?,102
Solve the following and respond with only the final answer: What is 20 plus 62?,Solve the following and respond with only the final answer: What is 20 plus 75?,82
Solve the following and respond with only the final answer: What is 49 plus 93?,Solve the following and respond with only the final answer: What is 49 plus 39?,142
Solve the following and respond with only the final answer: What is 67 plus 26?,Solve the following and respond with only the final answer: What is 67 plus 22?,93
Solve the following and respond with only the final answer: What is 74 plus 41?,Solve the following and respond with only the final answer: What is 74 plus 18?,115
Solve the following and respond with only the final answer: What is 10 plus 33?,Solve the following and respond with only the final answer: What is 10 plus 18?,43
Solve the following and respond with only the final answer: What is 94 plus 34?,Solve the following and respond with only the final answer: What is 94 plus 24?,128
Solve the following and respond with only the final answer: What is 36 plus 62?,Solve the following and respond with only the final answer: What is 36 plus 38?,98
Solve the following and respond with only the final answer: What is 15 plus 47?,Solve the following and respond with only the final answer: What is 15 plus 99?,62
Solve the following and respond with only the final answer: What is 73 plus 89?,Solve the following and respond with only the final answer: What is 73 plus 64?,162
Solve the following and respond with only the final answer: What is 90 plus 44?,Solve the following and respond with only the final answer: What is 90 plus 32?,134
Solve the following and respond with only the final answer: What is 37 plus 58?,Solve the following and respond with only the final answer: What is 37 plus 95?,95
Solve the following and respond with only the final answer: What is 30 plus 87?,Solve the following and respond with only the final answer: What is 30 plus 91?,117
Solve the following and respond with only the final answer: What is 40 plus 13?,Solve the following and respond with only the final answer: What is 40 plus 48?,53
Solve the following and respond with only the final answer: What is 59 plus 54?,Solve the following and respond with only the final answer: What is 59 plus 32?,113
Solve the following and respond with only the final answer: What is 83 plus 89?,Solve the following and respond with only the final answer: What is 83 plus 11?,172
Solve the following and respond with only the final answer: What is 76 plus 37?,Solve the following and respond with only the final answer: What is 76 plus 71?,113
Solve the following and respond with only the final answer: What is 37 plus 45?,Solve the following and respond with only the final answer: What is 37 plus 21?,82
Solve the following and respond with only the final answer: What is 96 plus 64?,Solve the following and respond with only the final answer: What is 96 plus 47?,160
Solve the following and respond with only the final answer: What is 59 plus 22?,Solve the following and respond with only the final answer: What is 59 plus 31?,81
Solve the following and respond with only the final answer: What is 40 plus 27?,Solve the following and respond with only the final answer: What is 40 plus 87?,67
Solve the following and respond with only the final answer: What is 11 plus 74?,Solve the following and respond with only the final answer: What is 11 plus 39?,85
Solve the following and respond with only the final answer: What is 26 plus 23?,Solve the following and respond with only the final answer: What is 26 plus 11?,49
Solve the following and respond with only the final answer: What is 28 plus 86?,Solve the following and respond with only the final answer: What is 28 plus 79?,114
Solve the following and respond with only the final answer: What is 74 plus 88?,Solve the following and respond with only the final answer: What is 74 plus 22?,162
Solve the following and respond with only the final answer: What is 75 plus 48?,Solve the following and respond with only the final answer: What is 75 plus 62?,123
Solve the following and respond with only the final answer: What is 11 plus 75?,Solve the following and respond with only the final answer: What is 11 plus 56?,86
Solve the following and respond with only the final answer: What is 23 plus 75?,Solve the following and respond with only the final answer: What is 23 plus 40?,98
Solve the following and respond with only the final answer: What is 24 plus 66?,Solve the following and respond with only the final answer: What is 24 plus 43?,90
Solve the following and respond with only the final answer: What is 44 plus 77?,Solve the following and respond with only the final answer: What is 44 plus 82?,121
Solve the following and respond with only the final answer: What is 86 plus 43?,Solve the following and respond with only the final answer: What is 86 plus 44?,129
Solve the following and respond with only the final answer: What is 48 plus 28?,Solve the following and respond with only the final answer: What is 48 plus 83?,76
Solve the following and respond with only the final answer: What is 55 plus 18?,Solve the following and respond with only the final answer: What is 55 plus 47?,73
Solve the following and respond with only the final answer: What is 81 plus 75?,Solve the following and respond with only the final answer: What is 81 plus 47?,156
Solve the following and respond with only the final answer: What is 82 plus 19?,Solve the following and respond with only the final answer: What is 82 plus 40?,101
Solve the following and respond with only the final answer: What is 53 plus 66?,Solve the following and respond with only the final answer: What is 53 plus 13?,119
Solve the following and respond with only the final answer: What is 58 plus 68?,Solve the following and respond with only the final answer: What is 58 plus 68?,126
Solve the following and respond with only the final answer: What is 49 plus 25?,Solve the following and respond with only the final answer: What is 49 plus 36?,74
Solve the following and respond with only the final answer: What is 32 plus 48?,Solve the following and respond with only the final answer: What is 32 plus 67?,80
Solve the following and respond with only the final answer: What is 40 plus 78?,Solve the following and respond with only the final answer: What is 40 plus 43?,118
Solve the following and respond with only the final answer: What is 37 plus 49?,Solve the following and respond with only the final answer: What is 37 plus 36?,86
Solve the following and respond with only the final answer: What is 68 plus 73?,Solve the following and respond with only the final answer: What is 68 plus 75?,141
Solve the following and respond with only the final answer: What is 65 plus 63?,Solve the following and respond with only the final answer: What is 65 plus 55?,128
Solve the following and respond with only the final answer: What is 37 plus 61?,Solve the following and respond with only the final answer: What is 37 plus 69?,98
Solve the following and respond with only the final answer: What is 53 plus 76?,Solve the following and respond with only the final answer: What is 53 plus 49?,129
Solve the following and respond with only the final answer: What is 98 plus 73?,Solve the following and respond with only the final answer: What is 98 plus 42?,171
Solve the following and respond with only the final answer: What is 77 plus 25?,Solve the following and respond with only the final answer: What is 77 plus 36?,102
Solve the following and respond with only the final answer: What is 82 plus 74?,Solve the following and respond with only the final answer: What is 82 plus 42?,156
Solve the following and respond with only the final answer: What is 42 plus 95?,Solve the following and respond with only the final answer: What is 42 plus 77?,137
Solve the following and respond with only the final answer: What is 66 plus 35?,Solve the following and respond with only the final answer: What is 66 plus 71?,101
Solve the following and respond with only the final answer: What is 71 plus 30?,Solve the following and respond with only the final answer: What is 71 plus 12?,101
Solve the following and respond with only the final answer: What is 24 plus 49?,Solve the following and respond with only the final answer: What is 24 plus 43?,73
Solve the following and respond with only the final answer: What is 15 plus 37?,Solve the following and respond with only the final answer: What is 15 plus 71?,52
Solve the following and respond with only the final answer: What is 93 plus 35?,Solve the following and respond with only the final answer: What is 93 plus 54?,128
Solve the following and respond with only the final answer: What is 17 plus 74?,Solve the following and respond with only the final answer: What is 17 plus 20?,91
Solve the following and respond with only the final answer: What is 45 plus 72?,Solve the following and respond with only the final answer: What is 45 plus 23?,117
Solve the following and respond with only the final answer: What is 39 plus 88?,Solve the following and respond with only the final answer: What is 39 plus 53?,127
Solve the following and respond with only the final answer: What is 40 plus 96?,Solve the following and respond with only the final answer: What is 40 plus 34?,136
Solve the following and respond with only the final answer: What is 11 plus 66?,Solve the following and respond with only the final answer: What is 11 plus 50?,77
Solve the following and respond with only the final answer: What is 38 plus 15?,Solve the following and respond with only the final answer: What is 38 plus 86?,53
Solve the following and respond with only the final answer: What is 93 plus 60?,Solve the following and respond with only the final answer: What is 93 plus 41?,153
Solve the following and respond with only the final answer: What is 55 plus 14?,Solve the following and respond with only the final answer: What is 55 plus 94?,69
Solve the following and respond with only the final answer: What is 85 plus 92?,Solve the following and respond with only the final answer: What is 85 plus 49?,177
Solve the following and respond with only the final answer: What is 25 plus 59?,Solve the following and respond with only the final answer: What is 25 plus 20?,84
Solve the following and respond with only the final answer: What is 52 plus 20?,Solve the following and respond with only the final answer: What is 52 plus 79?,72
Solve the following and respond with only the final answer: What is 88 plus 97?,Solve the following and respond with only the final answer: What is 88 plus 51?,185
Solve the following and respond with only the final answer: What is 65 plus 42?,Solve the following and respond with only the final answer: What is 65 plus 90?,107
Solve the following and respond with only the final answer: What is 19 plus 82?,Solve the following and respond with only the final answer: What is 19 plus 21?,101
Solve the following and respond with only the final answer: What is 71 plus 28?,Solve the following and respond with only the final answer: What is 71 plus 46?,99
Solve the following and respond with only the final answer: What is 54 plus 23?,Solve the following and respond with only the final answer: What is 54 plus 18?,77
Solve the following and respond with only the final answer: What is 85 plus 55?,Solve the following and respond with only the final answer: What is 85 plus 94?,140
Solve the following and respond with only the final answer: What is 75 plus 41?,Solve the following and respond with only the final answer: What is 75 plus 25?,116
Solve the following and respond with only the final answer: What is 51 plus 83?,Solve the following and respond with only the final answer: What is 51 plus 85?,134
Solve the following and respond with only the final answer: What is 22 plus 23?,Solve the following and respond with only the final answer: What is 22 plus 33?,45
Solve the following and respond with only the final answer: What is 15 plus 59?,Solve the following and respond with only the final answer: What is 15 plus 30?,74
Solve the following and respond with only the final answer: What is 58 plus 55?,Solve the following and respond with only the final answer: What is 58 plus 63?,113
Solve the following and respond with only the final answer: What is 25 plus 89?,Solve the following and respond with only the final answer: What is 25 plus 68?,114
Solve the following and respond with only the final answer: What is 78 plus 22?,Solve the following and respond with only the final answer: What is 78 plus 99?,100
Solve the following and respond with only the final answer: What is 18 plus 42?,Solve the following and respond with only the final answer: What is 18 plus 28?,60
Solve the following and respond with only the final answer: What is 10 plus 53?,Solve the following and respond with only the final answer: What is 10 plus 99?,63
Solve the following and respond with only the final answer: What is 17 plus 71?,Solve the following and respond with only the final answer: What is 17 plus 59?,88
Solve the following and respond with only the final answer: What is 17 plus 30?,Solve the following and respond with only the final answer: What is 17 plus 98?,47
Solve the following and respond with only the final answer: What is 19 plus 90?,Solve the following and respond with only the final answer: What is 19 plus 76?,109
Solve the following and respond with only the final answer: What is 60 plus 22?,Solve the following and respond with only the final answer: What is 60 plus 44?,82
Solve the following and respond with only the final answer: What is 13 plus 35?,Solve the following and respond with only the final answer: What is 13 plus 96?,48
Solve the following and respond with only the final answer: What is 51 plus 83?,Solve the following and respond with only the final answer: What is 51 plus 95?,134
Solve the following and respond with only the final answer: What is 88 plus 30?,Solve the following and respond with only the final answer: What is 88 plus 55?,118
Solve the following and respond with only the final answer: What is 64 plus 14?,Solve the following and respond with only the final answer: What is 64 plus 40?,78
Solve the following and respond with only the final answer: What is 59 plus 17?,Solve the following and respond with only the final answer: What is 59 plus 56?,76
Solve the following and respond with only the final answer: What is 92 plus 51?,Solve the following and respond with only the final answer: What is 92 plus 21?,143
Solve the following and respond with only the final answer: What is 96 plus 75?,Solve the following and respond with only the final answer: What is 96 plus 67?,171
Solve the following and respond with only the final answer: What is 95 plus 39?,Solve the following and respond with only the final answer: What is 95 plus 42?,134
Solve the following and respond with only the final answer: What is 61 plus 74?,Solve the following and respond with only the final answer: What is 61 plus 45?,135
Solve the following and respond with only the final answer: What is 82 plus 50?,Solve the following and respond with only the final answer: What is 82 plus 92?,132
Solve the following and respond with only the final answer: What is 78 plus 68?,Solve the following and respond with only the final answer: What is 78 plus 44?,146
Solve the following and respond with only the final answer: What is 93 plus 84?,Solve the following and respond with only the final answer: What is 93 plus 20?,177
Solve the following and respond with only the final answer: What is 49 plus 31?,Solve the following and respond with only the final answer: What is 49 plus 94?,80
Solve the following and respond with only the final answer: What is 69 plus 39?,Solve the following and respond with only the final answer: What is 69 plus 28?,108
Solve the following and respond with only the final answer: What is 12 plus 73?,Solve the following and respond with only the final answer: What is 12 plus 81?,85
Solve the following and respond with only the final answer: What is 23 plus 39?,Solve the following and respond with only the final answer: What is 23 plus 47?,62
Solve the following and respond with only the final answer: What is 21 plus 96?,Solve the following and respond with only the final answer: What is 21 plus 69?,117
Solve the following and respond with only the final answer: What is 13 plus 63?,Solve the following and respond with only the final answer: What is 13 plus 39?,76
Solve the following and respond with only the final answer: What is 53 plus 11?,Solve the following and respond with only the final answer: What is 53 plus 85?,64
Solve the following and respond with only the final answer: What is 10 plus 59?,Solve the following and respond with only the final answer: What is 10 plus 19?,69
Solve the following and respond with only the final answer: What is 66 plus 76?,Solve the following and respond with only the final answer: What is 66 plus 87?,142
Solve the following and respond with only the final answer: What is 69 plus 45?,Solve the following and respond with only the final answer: What is 69 plus 78?,114
Solve the following and respond with only the final answer: What is 33 plus 91?,Solve the following and respond with only the final answer: What is 33 plus 36?,124
Solve the following and respond with only the final answer: What is 83 plus 68?,Solve the following and respond with only the final answer: What is 83 plus 38?,151
Solve the following and respond with only the final answer: What is 88 plus 26?,Solve the following and respond with only the final answer: What is 88 plus 58?,114
Solve the following and respond with only the final answer: What is 17 plus 75?,Solve the following and respond with only the final answer: What is 17 plus 51?,92
Solve the following and respond with only the final answer: What is 26 plus 89?,Solve the following and respond with only the final answer: What is 26 plus 54?,115
Solve the following and respond with only the final answer: What is 71 plus 36?,Solve the following and respond with only the final answer: What is 71 plus 79?,107
Solve the following and respond with only the final answer: What is 65 plus 76?,Solve the following and respond with only the final answer: What is 65 plus 36?,141
Solve the following and respond with only the final answer: What is 84 plus 67?,Solve the following and respond with only the final answer: What is 84 plus 60?,151
Solve the following and respond with only the final answer: What is 71 plus 36?,Solve the following and respond with only the final answer: What is 71 plus 60?,107
Solve the following and respond with only the final answer: What is 12 plus 44?,Solve the following and respond with only the final answer: What is 12 plus 57?,56
Solve the following and respond with only the final answer: What is 20 plus 46?,Solve the following and respond with only the final answer: What is 20 plus 26?,66
Solve the following and respond with only the final answer: What is 66 plus 97?,Solve the following and respond with only the final answer: What is 66 plus 88?,163
Solve the following and respond with only the final answer: What is 66 plus 16?,Solve the following and respond with only the final answer: What is 66 plus 34?,82
Solve the following and respond with only the final answer: What is 45 plus 97?,Solve the following and respond with only the final answer: What is 45 plus 82?,142
Solve the following and respond with only the final answer: What is 44 plus 11?,Solve the following and respond with only the final answer: What is 44 plus 33?,55
Solve the following and respond with only the final answer: What is 55 plus 46?,Solve the following and respond with only the final answer: What is 55 plus 75?,101
Solve the following and respond with only the final answer: What is 31 plus 44?,Solve the following and respond with only the final answer: What is 31 plus 91?,75
Solve the following and respond with only the final answer: What is 23 plus 86?,Solve the following and respond with only the final answer: What is 23 plus 30?,109
Solve the following and respond with only the final answer: What is 68 plus 24?,Solve the following and respond with only the final answer: What is 68 plus 71?,92
Solve the following and respond with only the final answer: What is 66 plus 13?,Solve the following and respond with only the final answer: What is 66 plus 91?,79
Solve the following and respond with only the final answer: What is 49 plus 95?,Solve the following and respond with only the final answer: What is 49 plus 59?,144
Solve the following and respond with only the final answer: What is 88 plus 92?,Solve the following and respond with only the final answer: What is 88 plus 22?,180
Solve the following and respond with only the final answer: What is 19 plus 31?,Solve the following and respond with only the final answer: What is 19 plus 27?,50
Solve the following and respond with only the final answer: What is 13 plus 87?,Solve the following and respond with only the final answer: What is 13 plus 87?,100
Solve the following and respond with only the final answer: What is 26 plus 96?,Solve the following and respond with only the final answer: What is 26 plus 56?,122
Solve the following and respond with only the final answer: What is 86 plus 95?,Solve the following and respond with only the final answer: What is 86 plus 80?,181
Solve the following and respond with only the final answer: What is 24 plus 44?,Solve the following and respond with only the final answer: What is 24 plus 98?,68
Solve the following and respond with only the final answer: What is 38 plus 29?,Solve the following and respond with only the final answer: What is 38 plus 43?,67
Solve the following and respond with only the final answer: What is 60 plus 34?,Solve the following and respond with only the final answer: What is 60 plus 11?,94
Solve the following and respond with only the final answer: What is 19 plus 15?,Solve the following and respond with only the final answer: What is 19 plus 66?,34
Solve the following and respond with only the final answer: What is 53 plus 30?,Solve the following and respond with only the final answer: What is 53 plus 36?,83
Solve the following and respond with only the final answer: What is 58 plus 72?,Solve the following and respond with only the final answer: What is 58 plus 48?,130
Solve the following and respond with only the final answer: What is 50 plus 62?,Solve the following and respond with only the final answer: What is 50 plus 79?,112
Solve the following and respond with only the final answer: What is 94 plus 56?,Solve the following and respond with only the final answer: What is 94 plus 65?,150
Solve the following and respond with only the final answer: What is 76 plus 55?,Solve the following and respond with only the final answer: What is 76 plus 65?,131
Solve the following and respond with only the final answer: What is 10 plus 16?,Solve the following and respond with only the final answer: What is 10 plus 28?,26
Solve the following and respond with only the final answer: What is 72 plus 33?,Solve the following and respond with only the final answer: What is 72 plus 94?,105
Solve the following and respond with only the final answer: What is 84 plus 60?,Solve the following and respond with only the final answer: What is 84 plus 19?,144
Solve the following and respond with only the final answer: What is 40 plus 94?,Solve the following and respond with only the final answer: What is 40 plus 98?,134
Solve the following and respond with only the final answer: What is 45 plus 15?,Solve the following and respond with only the final answer: What is 45 plus 64?,60
Solve the following and respond with only the final answer: What is 49 plus 84?,Solve the following and respond with only the final answer: What is 49 plus 65?,133
Solve the following and respond with only the final answer: What is 93 plus 96?,Solve the following and respond with only the final answer: What is 93 plus 45?,189
Solve the following and respond with only the final answer: What is 32 plus 52?,Solve the following and respond with only the final answer: What is 32 plus 92?,84
Solve the following and respond with only the final answer: What is 97 plus 27?,Solve the following and respond with only the final answer: What is 97 plus 88?,124
Solve the following and respond with only the final answer: What is 63 plus 72?,Solve the following and respond with only the final answer: What is 63 plus 65?,135
Solve the following and respond with only the final answer: What is 36 plus 86?,Solve the following and respond with only the final answer: What is 36 plus 83?,122
Solve the following and respond with only the final answer: What is 84 plus 19?,Solve the following and respond with only the final answer: What is 84 plus 62?,103
Solve the following and respond with only the final answer: What is 62 plus 82?,Solve the following and respond with only the final answer: What is 62 plus 49?,144
Solve the following and respond with only the final answer: What is 39 plus 98?,Solve the following and respond with only the final answer: What is 39 plus 23?,137
Solve the following and respond with only the final answer: What is 95 plus 88?,Solve the following and respond with only the final answer: What is 95 plus 45?,183
Solve the following and respond with only the final answer: What is 84 plus 20?,Solve the following and respond with only the final answer: What is 84 plus 18?,104
Solve the following and respond with only the final answer: What is 43 plus 19?,Solve the following and respond with only the final answer: What is 43 plus 71?,62
Solve the following and respond with only the final answer: What is 10 plus 24?,Solve the following and respond with only the final answer: What is 10 plus 50?,34
Solve the following and respond with only the final answer: What is 88 plus 83?,Solve the following and respond with only the final answer: What is 88 plus 18?,171
Solve the following and respond with only the final answer: What is 30 plus 72?,Solve the following and respond with only the final answer: What is 30 plus 19?,102
Solve the following and respond with only the final answer: What is 17 plus 14?,Solve the following and respond with only the final answer: What is 17 plus 49?,31
Solve the following and respond with only the final answer: What is 11 plus 84?,Solve the following and respond with only the final answer: What is 11 plus 54?,95
Solve the following and respond with only the final answer: What is 79 plus 62?,Solve the following and respond with only the final answer: What is 79 plus 47?,141
Solve the following and respond with only the final answer: What is 35 plus 52?,Solve the following and respond with only the final answer: What is 35 plus 76?,87
Solve the following and respond with only the final answer: What is 90 plus 15?,Solve the following and respond with only the final answer: What is 90 plus 12?,105
Solve the following and respond with only the final answer: What is 70 plus 33?,Solve the following and respond with only the final answer: What is 70 plus 30?,103
Solve the following and respond with only the final answer: What is 54 plus 92?,Solve the following and respond with only the final answer: What is 54 plus 39?,146
Solve the following and respond with only the final answer: What is 87 plus 26?,Solve the following and respond with only the final answer: What is 87 plus 77?,113
Solve the following and respond with only the final answer: What is 59 plus 48?,Solve the following and respond with only the final answer: What is 59 plus 87?,107
Solve the following and respond with only the final answer: What is 32 plus 19?,Solve the following and respond with only the final answer: What is 32 plus 95?,51
Solve the following and respond with only the final answer: What is 27 plus 86?,Solve the following and respond with only the final answer: What is 27 plus 60?,113
Solve the following and respond with only the final answer: What is 76 plus 73?,Solve the following and respond with only the final answer: What is 76 plus 24?,149
Solve the following and respond with only the final answer: What is 27 plus 32?,Solve the following and respond with only the final answer: What is 27 plus 27?,59
Solve the following and respond with only the final answer: What is 24 plus 99?,Solve the following and respond with only the final answer: What is 24 plus 67?,123
Solve the following and respond with only the final answer: What is 55 plus 14?,Solve the following and respond with only the final answer: What is 55 plus 62?,69
Solve the following and respond with only the final answer: What is 81 plus 83?,Solve the following and respond with only the final answer: What is 81 plus 97?,164
Solve the following and respond with only the final answer: What is 93 plus 49?,Solve the following and respond with only the final answer: What is 93 plus 41?,142
Solve the following and respond with only the final answer: What is 12 plus 60?,Solve the following and respond with only the final answer: What is 12 plus 38?,72
Solve the following and respond with only the final answer: What is 81 plus 63?,Solve the following and respond with only the final answer: What is 81 plus 28?,144
Solve the following and respond with only the final answer: What is 27 plus 97?,Solve the following and respond with only the final answer: What is 27 plus 75?,124
Solve the following and respond with only the final answer: What is 30 plus 45?,Solve the following and respond with only the final answer: What is 30 plus 73?,75
Solve the following and respond with only the final answer: What is 37 plus 66?,Solve the following and respond with only the final answer: What is 37 plus 43?,103
Solve the following and respond with only the final answer: What is 91 plus 61?,Solve the following and respond with only the final answer: What is 91 plus 64?,152
Solve the following and respond with only the final answer: What is 63 plus 92?,Solve the following and respond with only the final answer: What is 63 plus 58?,155
Solve the following and respond with only the final answer: What is 73 plus 88?,Solve the following and respond with only the final answer: What is 73 plus 41?,161
Solve the following and respond with only the final answer: What is 36 plus 58?,Solve the following and respond with only the final answer: What is 36 plus 85?,94
Solve the following and respond with only the final answer: What is 15 plus 37?,Solve the following and respond with only the final answer: What is 15 plus 72?,52
Solve the following and respond with only the final answer: What is 28 plus 91?,Solve the following and respond with only the final answer: What is 28 plus 44?,119
Solve the following and respond with only the final answer: What is 28 plus 12?,Solve the following and respond with only the final answer: What is 28 plus 65?,40
Solve the following and respond with only the final answer: What is 96 plus 34?,Solve the following and respond with only the final answer: What is 96 plus 15?,130
Solve the following and respond with only the final answer: What is 75 plus 16?,Solve the following and respond with only the final answer: What is 75 plus 18?,91
Solve the following and respond with only the final answer: What is 89 plus 92?,Solve the following and respond with only the final answer: What is 89 plus 51?,181
Solve the following and respond with only the final answer: What is 72 plus 30?,Solve the following and respond with only the final answer: What is 72 plus 72?,102
Solve the following and respond with only the final answer: What is 37 plus 83?,Solve the following and respond with only the final answer: What is 37 plus 19?,120
Solve the following and respond with only the final answer: What is 51 plus 59?,Solve the following and respond with only the final answer: What is 51 plus 12?,110
Solve the following and respond with only the final answer: What is 84 plus 65?,Solve the following and respond with only the final answer: What is 84 plus 18?,149
Solve the following and respond with only the final answer: What is 52 plus 21?,Solve the following and respond with only the final answer: What is 52 plus 16?,73
Solve the following and respond with only the final answer: What is 22 plus 75?,Solve the following and respond with only the final answer: What is 22 plus 27?,97
Solve the following and respond with only the final answer: What is 94 plus 74?,Solve the following and respond with only the final answer: What is 94 plus 91?,168
Solve the following and respond with only the final answer: What is 12 plus 35?,Solve the following and respond with only the final answer: What is 12 plus 59?,47
Solve the following and respond with only the final answer: What is 33 plus 40?,Solve the following and respond with only the final answer: What is 33 plus 19?,73
Solve the following and respond with only the final answer: What is 31 plus 40?,Solve the following and respond with only the final answer: What is 31 plus 35?,71
Solve the following and respond with only the final answer: What is 11 plus 38?,Solve the following and respond with only the final answer: What is 11 plus 41?,49
Solve the following and respond with only the final answer: What is 88 plus 76?,Solve the following and respond with only the final answer: What is 88 plus 50?,164
Solve the following and respond with only the final answer: What is 29 plus 12?,Solve the following and respond with only the final answer: What is 29 plus 60?,41
Solve the following and respond with only the final answer: What is 37 plus 88?,Solve the following and respond with only the final answer: What is 37 plus 23?,125
Solve the following and respond with only the final answer: What is 31 plus 48?,Solve the following and respond with only the final answer: What is 31 plus 42?,79
Solve the following and respond with only the final answer: What is 57 plus 74?,Solve the following and respond with only the final answer: What is 57 plus 51?,131
Solve the following and respond with only the final answer: What is 63 plus 25?,Solve the following and respond with only the final answer: What is 63 plus 40?,88
Solve the following and respond with only the final answer: What is 62 plus 69?,Solve the following and respond with only the final answer: What is 62 plus 51?,131
Solve the following and respond with only the final answer: What is 30 plus 71?,Solve the following and respond with only the final answer: What is 30 plus 30?,101
Solve the following and respond with only the final answer: What is 42 plus 44?,Solve the following and respond with only the final answer: What is 42 plus 80?,86
Solve the following and respond with only the final answer: What is 82 plus 90?,Solve the following and respond with only the final answer: What is 82 plus 63?,172
Solve the following and respond with only the final answer: What is 69 plus 51?,Solve the following and respond with only the final answer: What is 69 plus 49?,120
Solve the following and respond with only the final answer: What is 87 plus 21?,Solve the following and respond with only the final answer: What is 87 plus 87?,108
Solve the following and respond with only the final answer: What is 66 plus 67?,Solve the following and respond with only the final answer: What is 66 plus 95?,133
Solve the following and respond with only the final answer: What is 10 plus 90?,Solve the following and respond with only the final answer: What is 10 plus 95?,100
Solve the following and respond with only the final answer: What is 40 plus 57?,Solve the following and respond with only the final answer: What is 40 plus 35?,97
Solve the following and respond with only the final answer: What is 80 plus 70?,Solve the following and respond with only the final answer: What is 80 plus 40?,150
Solve the following and respond with only the final answer: What is 76 plus 51?,Solve the following and respond with only the final answer: What is 76 plus 29?,127
Solve the following and respond with only the final answer: What is 69 plus 43?,Solve the following and respond with only the final answer: What is 69 plus 67?,112
Solve the following and respond with only the final answer: What is 23 plus 43?,Solve the following and respond with only the final answer: What is 23 plus 67?,66
Solve the following and respond with only the final answer: What is 12 plus 30?,Solve the following and respond with only the final answer: What is 12 plus 97?,42
Solve the following and respond with only the final answer: What is 86 plus 11?,Solve the following and respond with only the final answer: What is 86 plus 67?,97
Solve the following and respond with only the final answer: What is 85 plus 10?,Solve the following and respond with only the final answer: What is 85 plus 35?,95
Solve the following and respond with only the final answer: What is 30 plus 98?,Solve the following and respond with only the final answer: What is 30 plus 55?,128
Solve the following and respond with only the final answer: What is 33 plus 29?,Solve the following and respond with only the final answer: What is 33 plus 90?,62
Solve the following and respond with only the final answer: What is 45 plus 85?,Solve the following and respond with only the final answer: What is 45 plus 61?,130
Solve the following and respond with only the final answer: What is 58 plus 58?,Solve the following and respond with only the final answer: What is 58 plus 78?,116
Solve the following and respond with only the final answer: What is 36 plus 97?,Solve the following and respond with only the final answer: What is 36 plus 73?,133
Solve the following and respond with only the final answer: What is 34 plus 58?,Solve the following and respond with only the final answer: What is 34 plus 36?,92
Solve the following and respond with only the final answer: What is 17 plus 49?,Solve the following and respond with only the final answer: What is 17 plus 35?,66
Solve the following and respond with only the final answer: What is 62 plus 77?,Solve the following and respond with only the final answer: What is 62 plus 20?,139
Solve the following and respond with only the final answer: What is 49 plus 14?,Solve the following and respond with only the final answer: What is 49 plus 76?,63
Solve the following and respond with only the final answer: What is 33 plus 81?,Solve the following and respond with only the final answer: What is 33 plus 13?,114
Solve the following and respond with only the final answer: What is 85 plus 88?,Solve the following and respond with only the final answer: What is 85 plus 14?,173
Solve the following and respond with only the final answer: What is 86 plus 62?,Solve the following and respond with only the final answer: What is 86 plus 32?,148
Solve the following and respond with only the final answer: What is 12 plus 26?,Solve the following and respond with only the final answer: What is 12 plus 20?,38
Solve the following and respond with only the final answer: What is 26 plus 81?,Solve the following and respond with only the final answer: What is 26 plus 76?,107
Solve the following and respond with only the final answer: What is 52 plus 33?,Solve the following and respond with only the final answer: What is 52 plus 57?,85
Solve the following and respond with only the final answer: What is 51 plus 48?,Solve the following and respond with only the final answer: What is 51 plus 67?,99
Solve the following and respond with only the final answer: What is 28 plus 25?,Solve the following and respond with only the final answer: What is 28 plus 62?,53
Solve the following and respond with only the final answer: What is 19 plus 32?,Solve the following and respond with only the final answer: What is 19 plus 79?,51
Solve the following and respond with only the final answer: What is 73 plus 13?,Solve the following and respond with only the final answer: What is 73 plus 56?,86
Solve the following and respond with only the final answer: What is 72 plus 76?,Solve the following and respond with only the final answer: What is 72 plus 72?,148
Solve the following and respond with only the final answer: What is 33 plus 57?,Solve the following and respond with only the final answer: What is 33 plus 51?,90
Solve the following and respond with only the final answer: What is 50 plus 38?,Solve the following and respond with only the final answer: What is 50 plus 90?,88
Solve the following and respond with only the final answer: What is 30 plus 83?,Solve the following and respond with only the final answer: What is 30 plus 77?,113
Solve the following and respond with only the final answer: What is 59 plus 90?,Solve the following and respond with only the final answer: What is 59 plus 19?,149
Solve the following and respond with only the final answer: What is 37 plus 71?,Solve the following and respond with only the final answer: What is 37 plus 51?,108
Solve the following and respond with only the final answer: What is 50 plus 29?,Solve the following and respond with only the final answer: What is 50 plus 76?,79
Solve the following and respond with only the final answer: What is 60 plus 71?,Solve the following and respond with only the final answer: What is 60 plus 44?,131
Solve the following and respond with only the final answer: What is 47 plus 75?,Solve the following and respond with only the final answer: What is 47 plus 55?,122
Solve the following and respond with only the final answer: What is 89 plus 56?,Solve the following and respond with only the final answer: What is 89 plus 85?,145
Solve the following and respond with only the final answer: What is 63 plus 82?,Solve the following and respond with only the final answer: What is 63 plus 18?,145
Solve the following and respond with only the final answer: What is 50 plus 44?,Solve the following and respond with only the final answer: What is 50 plus 91?,94
Solve the following and respond with only the final answer: What is 21 plus 46?,Solve the following and respond with only the final answer: What is 21 plus 42?,67
Solve the following and respond with only the final answer: What is 48 plus 37?,Solve the following and respond with only the final answer: What is 48 plus 47?,85
Solve the following and respond with only the final answer: What is 93 plus 97?,Solve the following and respond with only the final answer: What is 93 plus 70?,190
Solve the following and respond with only the final answer: What is 46 plus 29?,Solve the following and respond with only the final answer: What is 46 plus 56?,75
Solve the following and respond with only the final answer: What is 17 plus 47?,Solve the following and respond with only the final answer: What is 17 plus 57?,64
Solve the following and respond with only the final answer: What is 81 plus 18?,Solve the following and respond with only the final answer: What is 81 plus 35?,99
Solve the following and respond with only the final answer: What is 70 plus 64?,Solve the following and respond with only the final answer: What is 70 plus 37?,134
Solve the following and respond with only the final answer: What is 59 plus 43?,Solve the following and respond with only the final answer: What is 59 plus 51?,102
Solve the following and respond with only the final answer: What is 17 plus 48?,Solve the following and respond with only the final answer: What is 17 plus 59?,65
Solve the following and respond with only the final answer: What is 51 plus 82?,Solve the following and respond with only the final answer: What is 51 plus 94?,133
Solve the following and respond with only the final answer: What is 15 plus 77?,Solve the following and respond with only the final answer: What is 15 plus 52?,92
Solve the following and respond with only the final answer: What is 82 plus 92?,Solve the following and respond with only the final answer: What is 82 plus 58?,174
Solve the following and respond with only the final answer: What is 30 plus 37?,Solve the following and respond with only the final answer: What is 30 plus 31?,67
Solve the following and respond with only the final answer: What is 61 plus 88?,Solve the following and respond with only the final answer: What is 61 plus 44?,149
Solve the following and respond with only the final answer: What is 43 plus 36?,Solve the following and respond with only the final answer: What is 43 plus 49?,79
Solve the following and respond with only the final answer: What is 21 plus 23?,Solve the following and respond with only the final answer: What is 21 plus 27?,44
Solve the following and respond with only the final answer: What is 22 plus 59?,Solve the following and respond with only the final answer: What is 22 plus 92?,81
Solve the following and respond with only the final answer: What is 12 plus 25?,Solve the following and respond with only the final answer: What is 12 plus 56?,37
Solve the following and respond with only the final answer: What is 84 plus 70?,Solve the following and respond with only the final answer: What is 84 plus 77?,154
Solve the following and respond with only the final answer: What is 60 plus 38?,Solve the following and respond with only the final answer: What is 60 plus 56?,98
Solve the following and respond with only the final answer: What is 78 plus 70?,Solve the following and respond with only the final answer: What is 78 plus 29?,148
Solve the following and respond with only the final answer: What is 43 plus 11?,Solve the following and respond with only the final answer: What is 43 plus 78?,54
Solve the following and respond with only the final answer: What is 15 plus 31?,Solve the following and respond with only the final answer: What is 15 plus 38?,46
Solve the following and respond with only the final answer: What is 83 plus 52?,Solve the following and respond with only the final answer: What is 83 plus 12?,135
Solve the following and respond with only the final answer: What is 61 plus 61?,Solve the following and respond with only the final answer: What is 61 plus 55?,122
Solve the following and respond with only the final answer: What is 52 plus 36?,Solve the following and respond with only the final answer: What is 52 plus 74?,88
Solve the following and respond with only the final answer: What is 48 plus 75?,Solve the following and respond with only the final answer: What is 48 plus 88?,123
Solve the following and respond with only the final answer: What is 29 plus 56?,Solve the following and respond with only the final answer: What is 29 plus 52?,85
Solve the following and respond with only the final answer: What is 90 plus 37?,Solve the following and respond with only the final answer: What is 90 plus 71?,127
Solve the following and respond with only the final answer: What is 93 plus 33?,Solve the following and respond with only the final answer: What is 93 plus 17?,126
Solve the following and respond with only the final answer: What is 35 plus 27?,Solve the following and respond with only the final answer: What is 35 plus 12?,62
Solve the following and respond with only the final answer: What is 52 plus 89?,Solve the following and respond with only the final answer: What is 52 plus 78?,141
Solve the following and respond with only the final answer: What is 25 plus 81?,Solve the following and respond with only the final answer: What is 25 plus 84?,106
Solve the following and respond with only the final answer: What is 56 plus 13?,Solve the following and respond with only the final answer: What is 56 plus 68?,69
Solve the following and respond with only the final answer: What is 85 plus 33?,Solve the following and respond with only the final answer: What is 85 plus 25?,118
Solve the following and respond with only the final answer: What is 64 plus 43?,Solve the following and respond with only the final answer: What is 64 plus 70?,107
Solve the following and respond with only the final answer: What is 72 plus 26?,Solve the following and respond with only the final answer: What is 72 plus 24?,98
Solve the following and respond with only the final answer: What is 91 plus 53?,Solve the following and respond with only the final answer: What is 91 plus 68?,144
Solve the following and respond with only the final answer: What is 11 plus 24?,Solve the following and respond with only the final answer: What is 11 plus 49?,35
Solve the following and respond with only the final answer: What is 76 plus 28?,Solve the following and respond with only the final answer: What is 76 plus 99?,104
Solve the following and respond with only the final answer: What is 98 plus 69?,Solve the following and respond with only the final answer: What is 98 plus 34?,167
Solve the following and respond with only the final answer: What is 69 plus 16?,Solve the following and respond with only the final answer: What is 69 plus 77?,85
Solve the following and respond with only the final answer: What is 14 plus 75?,Solve the following and respond with only the final answer: What is 14 plus 40?,89
Solve the following and respond with only the final answer: What is 81 plus 95?,Solve the following and respond with only the final answer: What is 81 plus 81?,176
Solve the following and respond with only the final answer: What is 66 plus 87?,Solve the following and respond with only the final answer: What is 66 plus 28?,153
Solve the following and respond with only the final answer: What is 66 plus 67?,Solve the following and respond with only the final answer: What is 66 plus 74?,133
Solve the following and respond with only the final answer: What is 47 plus 37?,Solve the following and respond with only the final answer: What is 47 plus 52?,84
Solve the following and respond with only the final answer: What is 97 plus 79?,Solve the following and respond with only the final answer: What is 97 plus 81?,176
Solve the following and respond with only the final answer: What is 20 plus 99?,Solve the following and respond with only the final answer: What is 20 plus 67?,119
Solve the following and respond with only the final answer: What is 24 plus 48?,Solve the following and respond with only the final answer: What is 24 plus 31?,72
Solve the following and respond with only the final answer: What is 91 plus 34?,Solve the following and respond with only the final answer: What is 91 plus 93?,125
Solve the following and respond with only the final answer: What is 81 plus 54?,Solve the following and respond with only the final answer: What is 81 plus 30?,135
Solve the following and respond with only the final answer: What is 72 plus 29?,Solve the following and respond with only the final answer: What is 72 plus 15?,101
Solve the following and respond with only the final answer: What is 11 plus 27?,Solve the following and respond with only the final answer: What is 11 plus 54?,38
Solve the following and respond with only the final answer: What is 11 plus 23?,Solve the following and respond with only the final answer: What is 11 plus 61?,34
Solve the following and respond with only the final answer: What is 21 plus 91?,Solve the following and respond with only the final answer: What is 21 plus 50?,112
Solve the following and respond with only the final answer: What is 51 plus 40?,Solve the following and respond with only the final answer: What is 51 plus 11?,91
Solve the following and respond with only the final answer: What is 71 plus 44?,Solve the following and respond with only the final answer: What is 71 plus 99?,115
Solve the following and respond with only the final answer: What is 79 plus 53?,Solve the following and respond with only the final answer: What is 79 plus 84?,132
Solve the following and respond with only the final answer: What is 46 plus 71?,Solve the following and respond with only the final answer: What is 46 plus 77?,117
Solve the following and respond with only the final answer: What is 51 plus 83?,Solve the following and respond with only the final answer: What is 51 plus 32?,134
Solve the following and respond with only the final answer: What is 71 plus 80?,Solve the following and respond with only the final answer: What is 71 plus 32?,151
Solve the following and respond with only the final answer: What is 83 plus 62?,Solve the following and respond with only the final answer: What is 83 plus 58?,145
Solve the following and respond with only the final answer: What is 57 plus 54?,Solve the following and respond with only the final answer: What is 57 plus 45?,111
Solve the following and respond with only the final answer: What is 87 plus 82?,Solve the following and respond with only the final answer: What is 87 plus 83?,169
Solve the following and respond with only the final answer: What is 42 plus 32?,Solve the following and respond with only the final answer: What is 42 plus 59?,74
Solve the following and respond with only the final answer: What is 91 plus 78?,Solve the following and respond with only the final answer: What is 91 plus 12?,169
Solve the following and respond with only the final answer: What is 60 plus 82?,Solve the following and respond with only the final answer: What is 60 plus 19?,142
Solve the following and respond with only the final answer: What is 43 plus 34?,Solve the following and respond with only the final answer: What is 43 plus 85?,77
Solve the following and respond with only the final answer: What is 57 plus 59?,Solve the following and respond with only the final answer: What is 57 plus 62?,116
Solve the following and respond with only the final answer: What is 46 plus 84?,Solve the following and respond with only the final answer: What is 46 plus 91?,130
Solve the following and respond with only the final answer: What is 97 plus 76?,Solve the following and respond with only the final answer: What is 97 plus 89?,173
Solve the following and respond with only the final answer: What is 38 plus 76?,Solve the following and respond with only the final answer: What is 38 plus 59?,114
Solve the following and respond with only the final answer: What is 18 plus 18?,Solve the following and respond with only the final answer: What is 18 plus 93?,36
Solve the following and respond with only the final answer: What is 57 plus 90?,Solve the following and respond with only the final answer: What is 57 plus 75?,147
Solve the following and respond with only the final answer: What is 96 plus 95?,Solve the following and respond with only the final answer: What is 96 plus 19?,191
Solve the following and respond with only the final answer: What is 39 plus 50?,Solve the following and respond with only the final answer: What is 39 plus 11?,89
Solve the following and respond with only the final answer: What is 31 plus 59?,Solve the following and respond with only the final answer: What is 31 plus 90?,90
Solve the following and respond with only the final answer: What is 14 plus 79?,Solve the following and respond with only the final answer: What is 14 plus 15?,93
Solve the following and respond with only the final answer: What is 50 plus 40?,Solve the following and respond with only the final answer: What is 50 plus 45?,90
Solve the following and respond with only the final answer: What is 85 plus 93?,Solve the following and respond with only the final answer: What is 85 plus 58?,178
Solve the following and respond with only the final answer: What is 57 plus 70?,Solve the following and respond with only the final answer: What is 57 plus 13?,127
Solve the following and respond with only the final answer: What is 45 plus 81?,Solve the following and respond with only the final answer: What is 45 plus 33?,126
Solve the following and respond with only the final answer: What is 79 plus 73?,Solve the following and respond with only the final answer: What is 79 plus 20?,152
Solve the following and respond with only the final answer: What is 73 plus 43?,Solve the following and respond with only the final answer: What is 73 plus 36?,116
Solve the following and respond with only the final answer: What is 70 plus 16?,Solve the following and respond with only the final answer: What is 70 plus 37?,86
Solve the following and respond with only the final answer: What is 97 plus 78?,Solve the following and respond with only the final answer: What is 97 plus 86?,175
Solve the following and respond with only the final answer: What is 41 plus 76?,Solve the following and respond with only the final answer: What is 41 plus 53?,117
Solve the following and respond with only the final answer: What is 37 plus 25?,Solve the following and respond with only the final answer: What is 37 plus 25?,62
Solve the following and respond with only the final answer: What is 95 plus 29?,Solve the following and respond with only the final answer: What is 95 plus 35?,124
Solve the following and respond with only the final answer: What is 35 plus 12?,Solve the following and respond with only the final answer: What is 35 plus 61?,47
Solve the following and respond with only the final answer: What is 33 plus 55?,Solve the following and respond with only the final answer: What is 33 plus 33?,88
Solve the following and respond with only the final answer: What is 73 plus 94?,Solve the following and respond with only the final answer: What is 73 plus 16?,167
Solve the following and respond with only the final answer: What is 97 plus 48?,Solve the following and respond with only the final answer: What is 97 plus 57?,145
Solve the following and respond with only the final answer: What is 92 plus 92?,Solve the following and respond with only the final answer: What is 92 plus 14?,184
Solve the following and respond with only the final answer: What is 39 plus 69?,Solve the following and respond with only the final answer: What is 39 plus 48?,108
Solve the following and respond with only the final answer: What is 85 plus 77?,Solve the following and respond with only the final answer: What is 85 plus 39?,162
Solve the following and respond with only the final answer: What is 31 plus 11?,Solve the following and respond with only the final answer: What is 31 plus 54?,42
Solve the following and respond with only the final answer: What is 34 plus 46?,Solve the following and respond with only the final answer: What is 34 plus 89?,80
Solve the following and respond with only the final answer: What is 29 plus 42?,Solve the following and respond with only the final answer: What is 29 plus 46?,71
Solve the following and respond with only the final answer: What is 26 plus 89?,Solve the following and respond with only the final answer: What is 26 plus 82?,115
Solve the following and respond with only the final answer: What is 69 plus 82?,Solve the following and respond with only the final answer: What is 69 plus 27?,151
Solve the following and respond with only the final answer: What is 76 plus 91?,Solve the following and respond with only the final answer: What is 76 plus 38?,167
Solve the following and respond with only the final answer: What is 43 plus 12?,Solve the following and respond with only the final answer: What is 43 plus 67?,55
Solve the following and respond with only the final answer: What is 73 plus 67?,Solve the following and respond with only the final answer: What is 73 plus 65?,140
Solve the following and respond with only the final answer: What is 29 plus 32?,Solve the following and respond with only the final answer: What is 29 plus 10?,61
Solve the following and respond with only the final answer: What is 29 plus 74?,Solve the following and respond with only the final answer: What is 29 plus 40?,103
Solve the following and respond with only the final answer: What is 93 plus 80?,Solve the following and respond with only the final answer: What is 93 plus 12?,173
Solve the following and respond with only the final answer: What is 89 plus 85?,Solve the following and respond with only the final answer: What is 89 plus 25?,174
Solve the following and respond with only the final answer: What is 30 plus 86?,Solve the following and respond with only the final answer: What is 30 plus 87?,116
Solve the following and respond with only the final answer: What is 13 plus 42?,Solve the following and respond with only the final answer: What is 13 plus 67?,55
Solve the following and respond with only the final answer: What is 54 plus 32?,Solve the following and respond with only the final answer: What is 54 plus 65?,86
Solve the following and respond with only the final answer: What is 73 plus 34?,Solve the following and respond with only the final answer: What is 73 plus 91?,107
Solve the following and respond with only the final answer: What is 85 plus 45?,Solve the following and respond with only the final answer: What is 85 plus 16?,130
Solve the following and respond with only the final answer: What is 61 plus 72?,Solve the following and respond with only the final answer: What is 61 plus 36?,133
Solve the following and respond with only the final answer: What is 25 plus 38?,Solve the following and respond with only the final answer: What is 25 plus 72?,63
Solve the following and respond with only the final answer: What is 61 plus 16?,Solve the following and respond with only the final answer: What is 61 plus 92?,77
Solve the following and respond with only the final answer: What is 18 plus 72?,Solve the following and respond with only the final answer: What is 18 plus 42?,90
Solve the following and respond with only the final answer: What is 16 plus 21?,Solve the following and respond with only the final answer: What is 16 plus 57?,37
Solve the following and respond with only the final answer: What is 15 plus 78?,Solve the following and respond with only the final answer: What is 15 plus 42?,93
Solve the following and respond with only the final answer: What is 52 plus 64?,Solve the following and respond with only the final answer: What is 52 plus 80?,116
Solve the following and respond with only the final answer: What is 21 plus 46?,Solve the following and respond with only the final answer: What is 21 plus 52?,67
Solve the following and respond with only the final answer: What is 78 plus 81?,Solve the following and respond with only the final answer: What is 78 plus 89?,159
Solve the following and respond with only the final answer: What is 61 plus 96?,Solve the following and respond with only the final answer: What is 61 plus 29?,157
Solve the following and respond with only the final answer: What is 65 plus 35?,Solve the following and respond with only the final answer: What is 65 plus 80?,100
Solve the following and respond with only the final answer: What is 81 plus 28?,Solve the following and respond with only the final answer: What is 81 plus 55?,109
Solve the following and respond with only the final answer: What is 62 plus 62?,Solve the following and respond with only the final answer: What is 62 plus 78?,124
Solve the following and respond with only the final answer: What is 94 plus 29?,Solve the following and respond with only the final answer: What is 94 plus 37?,123
Solve the following and respond with only the final answer: What is 56 plus 19?,Solve the following and respond with only the final answer: What is 56 plus 63?,75
Solve the following and respond with only the final answer: What is 48 plus 10?,Solve the following and respond with only the final answer: What is 48 plus 23?,58
Solve the following and respond with only the final answer: What is 34 plus 33?,Solve the following and respond with only the final answer: What is 34 plus 99?,67
Solve the following and respond with only the final answer: What is 20 plus 64?,Solve the following and respond with only the final answer: What is 20 plus 54?,84
Solve the following and respond with only the final answer: What is 99 plus 28?,Solve the following and respond with only the final answer: What is 99 plus 41?,127
Solve the following and respond with only the final answer: What is 70 plus 30?,Solve the following and respond with only the final answer: What is 70 plus 67?,100
Solve the following and respond with only the final answer: What is 46 plus 81?,Solve the following and respond with only the final answer: What is 46 plus 52?,127
Solve the following and respond with only the final answer: What is 98 plus 35?,Solve the following and respond with only the final answer: What is 98 plus 77?,133
Solve the following and respond with only the final answer: What is 10 plus 75?,Solve the following and respond with only the final answer: What is 10 plus 61?,85
Solve the following and respond with only the final answer: What is 84 plus 76?,Solve the following and respond with only the final answer: What is 84 plus 66?,160
Solve the following and respond with only the final answer: What is 82 plus 72?,Solve the following and respond with only the final answer: What is 82 plus 39?,154
Solve the following and respond with only the final answer: What is 36 plus 91?,Solve the following and respond with only the final answer: What is 36 plus 91?,127
Solve the following and respond with only the final answer: What is 86 plus 96?,Solve the following and respond with only the final answer: What is 86 plus 88?,182
Solve the following and respond with only the final answer: What is 40 plus 51?,Solve the following and respond with only the final answer: What is 40 plus 68?,91
Solve the following and respond with only the final answer: What is 70 plus 25?,Solve the following and respond with only the final answer: What is 70 plus 63?,95
Solve the following and respond with only the final answer: What is 33 plus 46?,Solve the following and respond with only the final answer: What is 33 plus 86?,79
Solve the following and respond with only the final answer: What is 29 plus 19?,Solve the following and respond with only the final answer: What is 29 plus 94?,48
Solve the following and respond with only the final answer: What is 73 plus 15?,Solve the following and respond with only the final answer: What is 73 plus 39?,88
Solve the following and respond with only the final answer: What is 47 plus 29?,Solve the following and respond with only the final answer: What is 47 plus 41?,76
Solve the following and respond with only the final answer: What is 54 plus 38?,Solve the following and respond with only the final answer: What is 54 plus 35?,92
Solve the following and respond with only the final answer: What is 36 plus 35?,Solve the following and respond with only the final answer: What is 36 plus 18?,71
Solve the following and respond with only the final answer: What is 99 plus 92?,Solve the following and respond with only the final answer: What is 99 plus 33?,191
Solve the following and respond with only the final answer: What is 91 plus 44?,Solve the following and respond with only the final answer: What is 91 plus 11?,135
Solve the following and respond with only the final answer: What is 35 plus 15?,Solve the following and respond with only the final answer: What is 35 plus 40?,50
Solve the following and respond with only the final answer: What is 59 plus 22?,Solve the following and respond with only the final answer: What is 59 plus 91?,81
Solve the following and respond with only the final answer: What is 22 plus 52?,Solve the following and respond with only the final answer: What is 22 plus 71?,74
Solve the following and respond with only the final answer: What is 65 plus 60?,Solve the following and respond with only the final answer: What is 65 plus 44?,125
Solve the following and respond with only the final answer: What is 36 plus 53?,Solve the following and respond with only the final answer: What is 36 plus 70?,89
Solve the following and respond with only the final answer: What is 92 plus 47?,Solve the following and respond with only the final answer: What is 92 plus 32?,139
Solve the following and respond with only the final answer: What is 97 plus 52?,Solve the following and respond with only the final answer: What is 97 plus 17?,149
Solve the following and respond with only the final answer: What is 32 plus 86?,Solve the following and respond with only the final answer: What is 32 plus 68?,118
Solve the following and respond with only the final answer: What is 23 plus 22?,Solve the following and respond with only the final answer: What is 23 plus 82?,45
Solve the following and respond with only the final answer: What is 16 plus 76?,Solve the following and respond with only the final answer: What is 16 plus 90?,92
Solve the following and respond with only the final answer: What is 97 plus 88?,Solve the following and respond with only the final answer: What is 97 plus 68?,185
Solve the following and respond with only the final answer: What is 46 plus 81?,Solve the following and respond with only the final answer: What is 46 plus 72?,127
Solve the following and respond with only the final answer: What is 22 plus 53?,Solve the following and respond with only the final answer: What is 22 plus 41?,75
Solve the following and respond with only the final answer: What is 57 plus 33?,Solve the following and respond with only the final answer: What is 57 plus 93?,90
Solve the following and respond with only the final answer: What is 31 plus 15?,Solve the following and respond with only the final answer: What is 31 plus 70?,46
Solve the following and respond with only the final answer: What is 35 plus 59?,Solve the following and respond with only the final answer: What is 35 plus 34?,94
Solve the following and respond with only the final answer: What is 58 plus 31?,Solve the following and respond with only the final answer: What is 58 plus 73?,89
Solve the following and respond with only the final answer: What is 46 plus 42?,Solve the following and respond with only the final answer: What is 46 plus 25?,88
Solve the following and respond with only the final answer: What is 36 plus 54?,Solve the following and respond with only the final answer: What is 36 plus 35?,90
Solve the following and respond with only the final answer: What is 90 plus 90?,Solve the following and respond with only the final answer: What is 90 plus 67?,180
Solve the following and respond with only the final answer: What is 19 plus 78?,Solve the following and respond with only the final answer: What is 19 plus 10?,97
Solve the following and respond with only the final answer: What is 14 plus 89?,Solve the following and respond with only the final answer: What is 14 plus 67?,103
Solve the following and respond with only the final answer: What is 24 plus 11?,Solve the following and respond with only the final answer: What is 24 plus 71?,35
Solve the following and respond with only the final answer: What is 98 plus 69?,Solve the following and respond with only the final answer: What is 98 plus 38?,167
Solve the following and respond with only the final answer: What is 69 plus 40?,Solve the following and respond with only the final answer: What is 69 plus 34?,109
Solve the following and respond with only the final answer: What is 98 plus 58?,Solve the following and respond with only the final answer: What is 98 plus 69?,156
Solve the following and respond with only the final answer: What is 62 plus 79?,Solve the following and respond with only the final answer: What is 62 plus 12?,141
Solve the following and respond with only the final answer: What is 20 plus 11?,Solve the following and respond with only the final answer: What is 20 plus 84?,31
Solve the following and respond with only the final answer: What is 62 plus 43?,Solve the following and respond with only the final answer: What is 62 plus 39?,105
Solve the following and respond with only the final answer: What is 75 plus 82?,Solve the following and respond with only the final answer: What is 75 plus 81?,157
Solve the following and respond with only the final answer: What is 14 plus 15?,Solve the following and respond with only the final answer: What is 14 plus 93?,29
Solve the following and respond with only the final answer: What is 48 plus 41?,Solve the following and respond with only the final answer: What is 48 plus 45?,89
Solve the following and respond with only the final answer: What is 51 plus 19?,Solve the following and respond with only the final answer: What is 51 plus 69?,70
Solve the following and respond with only the final answer: What is 91 plus 52?,Solve the following and respond with only the final answer: What is 91 plus 42?,143
Solve the following and respond with only the final answer: What is 14 plus 91?,Solve the following and respond with only the final answer: What is 14 plus 45?,105
Solve the following and respond with only the final answer: What is 47 plus 33?,Solve the following and respond with only the final answer: What is 47 plus 87?,80
Solve the following and respond with only the final answer: What is 42 plus 30?,Solve the following and respond with only the final answer: What is 42 plus 29?,72
Solve the following and respond with only the final answer: What is 79 plus 17?,Solve the following and respond with only the final answer: What is 79 plus 71?,96
Solve the following and respond with only the final answer: What is 30 plus 19?,Solve the following and respond with only the final answer: What is 30 plus 37?,49
Solve the following and respond with only the final answer: What is 43 plus 70?,Solve the following and respond with only the final answer: What is 43 plus 37?,113
Solve the following and respond with only the final answer: What is 49 plus 53?,Solve the following and respond with only the final answer: What is 49 plus 42?,102
Solve the following and respond with only the final answer: What is 25 plus 25?,Solve the following and respond with only the final answer: What is 25 plus 51?,50
Solve the following and respond with only the final answer: What is 93 plus 67?,Solve the following and respond with only the final answer: What is 93 plus 39?,160
Solve the following and respond with only the final answer: What is 88 plus 51?,Solve the following and respond with only the final answer: What is 88 plus 50?,139
Solve the following and respond with only the final answer: What is 65 plus 32?,Solve the following and respond with only the final answer: What is 65 plus 20?,97
Solve the following and respond with only the final answer: What is 45 plus 60?,Solve the following and respond with only the final answer: What is 45 plus 71?,105
Solve the following and respond with only the final answer: What is 94 plus 26?,Solve the following and respond with only the final answer: What is 94 plus 73?,120
Solve the following and respond with only the final answer: What is 87 plus 76?,Solve the following and respond with only the final answer: What is 87 plus 45?,163
Solve the following and respond with only the final answer: What is 74 plus 43?,Solve the following and respond with only the final answer: What is 74 plus 10?,117
Solve the following and respond with only the final answer: What is 81 plus 57?,Solve the following and respond with only the final answer: What is 81 plus 50?,138
Solve the following and respond with only the final answer: What is 75 plus 76?,Solve the following and respond with only the final answer: What is 75 plus 19?,151
Solve the following and respond with only the final answer: What is 98 plus 28?,Solve the following and respond with only the final answer: What is 98 plus 41?,126
Solve the following and respond with only the final answer: What is 45 plus 93?,Solve the following and respond with only the final answer: What is 45 plus 61?,138
Solve the following and respond with only the final answer: What is 94 plus 56?,Solve the following and respond with only the final answer: What is 94 plus 73?,150
Solve the following and respond with only the final answer: What is 25 plus 50?,Solve the following and respond with only the final answer: What is 25 plus 74?,75
Solve the following and respond with only the final answer: What is 15 plus 97?,Solve the following and respond with only the final answer: What is 15 plus 46?,112
Solve the following and respond with only the final answer: What is 60 plus 95?,Solve the following and respond with only the final answer: What is 60 plus 85?,155
Solve the following and respond with only the final answer: What is 36 plus 37?,Solve the following and respond with only the final answer: What is 36 plus 35?,73
Solve the following and respond with only the final answer: What is 27 plus 96?,Solve the following and respond with only the final answer: What is 27 plus 49?,123
Solve the following and respond with only the final answer: What is 10 plus 74?,Solve the following and respond with only the final answer: What is 10 plus 43?,84
Solve the following and respond with only the final answer: What is 18 plus 38?,Solve the following and respond with only the final answer: What is 18 plus 66?,56
Solve the following and respond with only the final answer: What is 56 plus 63?,Solve the following and respond with only the final answer: What is 56 plus 33?,119
Solve the following and respond with only the final answer: What is 67 plus 52?,Solve the following and respond with only the final answer: What is 67 plus 33?,119
Solve the following and respond with only the final answer: What is 30 plus 26?,Solve the following and respond with only the final answer: What is 30 plus 87?,56
Solve the following and respond with only the final answer: What is 11 plus 25?,Solve the following and respond with only the final answer: What is 11 plus 52?,36
Solve the following and respond with only the final answer: What is 81 plus 22?,Solve the following and respond with only the final answer: What is 81 plus 39?,103
Solve the following and respond with only the final answer: What is 48 plus 41?,Solve the following and respond with only the final answer: What is 48 plus 51?,89
Solve the following and respond with only the final answer: What is 37 plus 54?,Solve the following and respond with only the final answer: What is 37 plus 11?,91
Solve the following and respond with only the final answer: What is 91 plus 96?,Solve the following and respond with only the final answer: What is 91 plus 84?,187
Solve the following and respond with only the final answer: What is 72 plus 34?,Solve the following and respond with only the final answer: What is 72 plus 39?,106
Solve the following and respond with only the final answer: What is 33 plus 15?,Solve the following and respond with only the final answer: What is 33 plus 44?,48
Solve the following and respond with only the final answer: What is 24 plus 71?,Solve the following and respond with only the final answer: What is 24 plus 48?,95
Solve the following and respond with only the final answer: What is 24 plus 75?,Solve the following and respond with only the final answer: What is 24 plus 42?,99
Solve the following and respond with only the final answer: What is 41 plus 14?,Solve the following and respond with only the final answer: What is 41 plus 68?,55
Solve the following and respond with only the final answer: What is 10 plus 65?,Solve the following and respond with only the final answer: What is 10 plus 70?,75
Solve the following and respond with only the final answer: What is 27 plus 64?,Solve the following and respond with only the final answer: What is 27 plus 62?,91
Solve the following and respond with only the final answer: What is 89 plus 31?,Solve the following and respond with only the final answer: What is 89 plus 24?,120
Solve the following and respond with only the final answer: What is 17 plus 63?,Solve the following and respond with only the final answer: What is 17 plus 26?,80
Solve the following and respond with only the final answer: What is 74 plus 88?,Solve the following and respond with only the final answer: What is 74 plus 12?,162
Solve the following and respond with only the final answer: What is 49 plus 73?,Solve the following and respond with only the final answer: What is 49 plus 92?,122
Solve the following and respond with only the final answer: What is 62 plus 30?,Solve the following and respond with only the final answer: What is 62 plus 91?,92
Solve the following and respond with only the final answer: What is 36 plus 50?,Solve the following and respond with only the final answer: What is 36 plus 16?,86
Solve the following and respond with only the final answer: What is 22 plus 72?,Solve the following and respond with only the final answer: What is 22 plus 72?,94
Solve the following and respond with only the final answer: What is 50 plus 58?,Solve the following and respond with only the final answer: What is 50 plus 76?,108
Solve the following and respond with only the final answer: What is 35 plus 67?,Solve the following and respond with only the final answer: What is 35 plus 23?,102
Solve the following and respond with only the final answer: What is 35 plus 74?,Solve the following and respond with only the final answer: What is 35 plus 85?,109
Solve the following and respond with only the final answer: What is 62 plus 57?,Solve the following and respond with only the final answer: What is 62 plus 89?,119
Solve the following and respond with only the final answer: What is 27 plus 42?,Solve the following and respond with only the final answer: What is 27 plus 26?,69
Solve the following and respond with only the final answer: What is 11 plus 61?,Solve the following and respond with only the final answer: What is 11 plus 54?,72
Solve the following and respond with only the final answer: What is 50 plus 96?,Solve the following and respond with only the final answer: What is 50 plus 92?,146
Solve the following and respond with only the final answer: What is 94 plus 96?,Solve the following and respond with only the final answer: What is 94 plus 17?,190
Solve the following and respond with only the final answer: What is 20 plus 37?,Solve the following and respond with only the final answer: What is 20 plus 41?,57
Solve the following and respond with only the final answer: What is 33 plus 94?,Solve the following and respond with only the final answer: What is 33 plus 43?,127
Solve the following and respond with only the final answer: What is 64 plus 18?,Solve the following and respond with only the final answer: What is 64 plus 65?,82
Solve the following and respond with only the final answer: What is 52 plus 29?,Solve the following and respond with only the final answer: What is 52 plus 31?,81
Solve the following and respond with only the final answer: What is 78 plus 80?,Solve the following and respond with only the final answer: What is 78 plus 27?,158
Solve the following and respond with only the final answer: What is 32 plus 64?,Solve the following and respond with only the final answer: What is 32 plus 23?,96
Solve the following and respond with only the final answer: What is 19 plus 81?,Solve the following and respond with only the final answer: What is 19 plus 68?,100
Solve the following and respond with only the final answer: What is 96 plus 85?,Solve the following and respond with only the final answer: What is 96 plus 28?,181
Solve the following and respond with only the final answer: What is 47 plus 82?,Solve the following and respond with only the final answer: What is 47 plus 14?,129
Solve the following and respond with only the final answer: What is 10 plus 72?,Solve the following and respond with only the final answer: What is 10 plus 98?,82
Solve the following and respond with only the final answer: What is 21 plus 11?,Solve the following and respond with only the final answer: What is 21 plus 82?,32
Solve the following and respond with only the final answer: What is 74 plus 95?,Solve the following and respond with only the final answer: What is 74 plus 87?,169
Solve the following and respond with only the final answer: What is 14 plus 13?,Solve the following and respond with only the final answer: What is 14 plus 85?,27
Solve the following and respond with only the final answer: What is 50 plus 50?,Solve the following and respond with only the final answer: What is 50 plus 78?,100
Solve the following and respond with only the final answer: What is 39 plus 72?,Solve the following and respond with only the final answer: What is 39 plus 82?,111
Solve the following and respond with only the final answer: What is 73 plus 22?,Solve the following and respond with only the final answer: What is 73 plus 60?,95
Solve the following and respond with only the final answer: What is 40 plus 72?,Solve the following and respond with only the final answer: What is 40 plus 19?,112
Solve the following and respond with only the final answer: What is 48 plus 49?,Solve the following and respond with only the final answer: What is 48 plus 92?,97
Solve the following and respond with only the final answer: What is 22 plus 18?,Solve the following and respond with only the final answer: What is 22 plus 78?,40
Solve the following and respond with only the final answer: What is 79 plus 28?,Solve the following and respond with only the final answer: What is 79 plus 74?,107
Solve the following and respond with only the final answer: What is 81 plus 84?,Solve the following and respond with only the final answer: What is 81 plus 67?,165
Solve the following and respond with only the final answer: What is 32 plus 88?,Solve the following and respond with only the final answer: What is 32 plus 36?,120
Solve the following and respond with only the final answer: What is 41 plus 42?,Solve the following and respond with only the final answer: What is 41 plus 34?,83
Solve the following and respond with only the final answer: What is 41 plus 64?,Solve the following and respond with only the final answer: What is 41 plus 32?,105
Solve the following and respond with only the final answer: What is 89 plus 88?,Solve the following and respond with only the final answer: What is 89 plus 57?,177
Solve the following and respond with only the final answer: What is 18 plus 47?,Solve the following and respond with only the final answer: What is 18 plus 88?,65
Solve the following and respond with only the final answer: What is 78 plus 37?,Solve the following and respond with only the final answer: What is 78 plus 66?,115
Solve the following and respond with only the final answer: What is 15 plus 87?,Solve the following and respond with only the final answer: What is 15 plus 63?,102
Solve the following and respond with only the final answer: What is 68 plus 96?,Solve the following and respond with only the final answer: What is 68 plus 12?,164
Solve the following and respond with only the final answer: What is 33 plus 84?,Solve the following and respond with only the final answer: What is 33 plus 43?,117
Solve the following and respond with only the final answer: What is 29 plus 23?,Solve the following and respond with only the final answer: What is 29 plus 32?,52
Solve the following and respond with only the final answer: What is 49 plus 86?,Solve the following and respond with only the final answer: What is 49 plus 29?,135
Solve the following and respond with only the final answer: What is 93 plus 20?,Solve the following and respond with only the final answer: What is 93 plus 70?,113
Solve the following and respond with only the final answer: What is 84 plus 84?,Solve the following and respond with only the final answer: What is 84 plus 69?,168
Solve the following and respond with only the final answer: What is 99 plus 27?,Solve the following and respond with only the final answer: What is 99 plus 61?,126
Solve the following and respond with only the final answer: What is 18 plus 68?,Solve the following and respond with only the final answer: What is 18 plus 46?,86
Solve the following and respond with only the final answer: What is 95 plus 60?,Solve the following and respond with only the final answer: What is 95 plus 44?,155
Solve the following and respond with only the final answer: What is 25 plus 79?,Solve the following and respond with only the final answer: What is 25 plus 56?,104
Solve the following and respond with only the final answer: What is 13 plus 30?,Solve the following and respond with only the final answer: What is 13 plus 74?,43
Solve the following and respond with only the final answer: What is 74 plus 48?,Solve the following and respond with only the final answer: What is 74 plus 48?,122
Solve the following and respond with only the final answer: What is 14 plus 40?,Solve the following and respond with only the final answer: What is 14 plus 49?,54
Solve the following and respond with only the final answer: What is 37 plus 57?,Solve the following and respond with only the final answer: What is 37 plus 87?,94
Solve the following and respond with only the final answer: What is 16 plus 27?,Solve the following and respond with only the final answer: What is 16 plus 13?,43
Solve the following and respond with only the final answer: What is 40 plus 97?,Solve the following and respond with only the final answer: What is 40 plus 36?,137
Solve the following and respond with only the final answer: What is 22 plus 28?,Solve the following and respond with only the final answer: What is 22 plus 46?,50
Solve the following and respond with only the final answer: What is 93 plus 21?,Solve the following and respond with only the final answer: What is 93 plus 58?,114
Solve the following and respond with only the final answer: What is 36 plus 10?,Solve the following and respond with only the final answer: What is 36 plus 85?,46
Solve the following and respond with only the final answer: What is 64 plus 80?,Solve the following and respond with only the final answer: What is 64 plus 67?,144
Solve the following and respond with only the final answer: What is 46 plus 87?,Solve the following and respond with only the final answer: What is 46 plus 25?,133
Solve the following and respond with only the final answer: What is 21 plus 29?,Solve the following and respond with only the final answer: What is 21 plus 84?,50
Solve the following and respond with only the final answer: What is 66 plus 67?,Solve the following and respond with only the final answer: What is 66 plus 89?,133
Solve the following and respond with only the final answer: What is 82 plus 50?,Solve the following and respond with only the final answer: What is 82 plus 29?,132
Solve the following and respond with only the final answer: What is 72 plus 35?,Solve the following and respond with only the final answer: What is 72 plus 66?,107
Solve the following and respond with only the final answer: What is 85 plus 41?,Solve the following and respond with only the final answer: What is 85 plus 83?,126
Solve the following and respond with only the final answer: What is 41 plus 12?,Solve the following and respond with only the final answer: What is 41 plus 10?,53
Solve the following and respond with only the final answer: What is 13 plus 64?,Solve the following and respond with only the final answer: What is 13 plus 14?,77
Solve the following and respond with only the final answer: What is 20 plus 10?,Solve the following and respond with only the final answer: What is 20 plus 93?,30
Solve the following and respond with only the final answer: What is 41 plus 25?,Solve the following and respond with only the final answer: What is 41 plus 15?,66
Solve the following and respond with only the final answer: What is 59 plus 59?,Solve the following and respond with only the final answer: What is 59 plus 42?,118
Solve the following and respond with only the final answer: What is 30 plus 14?,Solve the following and respond with only the final answer: What is 30 plus 97?,44
Solve the following and respond with only the final answer: What is 80 plus 29?,Solve the following and respond with only the final answer: What is 80 plus 11?,109
Solve the following and respond with only the final answer: What is 24 plus 24?,Solve the following and respond with only the final answer: What is 24 plus 18?,48
Solve the following and respond with only the final answer: What is 15 plus 54?,Solve the following and respond with only the final answer: What is 15 plus 22?,69
Solve the following and respond with only the final answer: What is 59 plus 72?,Solve the following and respond with only the final answer: What is 59 plus 79?,131
Solve the following and respond with only the final answer: What is 20 plus 17?,Solve the following and respond with only the final answer: What is 20 plus 93?,37
Solve the following and respond with only the final answer: What is 93 plus 12?,Solve the following and respond with only the final answer: What is 93 plus 94?,105
Solve the following and respond with only the final answer: What is 48 plus 35?,Solve the following and respond with only the final answer: What is 48 plus 34?,83
Solve the following and respond with only the final answer: What is 40 plus 40?,Solve the following and respond with only the final answer: What is 40 plus 28?,80
Solve the following and respond with only the final answer: What is 91 plus 79?,Solve the following and respond with only the final answer: What is 91 plus 56?,170
Solve the following and respond with only the final answer: What is 96 plus 74?,Solve the following and respond with only the final answer: What is 96 plus 30?,170
Solve the following and respond with only the final answer: What is 15 plus 64?,Solve the following and respond with only the final answer: What is 15 plus 35?,79
Solve the following and respond with only the final answer: What is 19 plus 69?,Solve the following and respond with only the final answer: What is 19 plus 63?,88
Solve the following and respond with only the final answer: What is 50 plus 41?,Solve the following and respond with only the final answer: What is 50 plus 85?,91
Solve the following and respond with only the final answer: What is 19 plus 47?,Solve the following and respond with only the final answer: What is 19 plus 52?,66
Solve the following and respond with only the final answer: What is 54 plus 41?,Solve the following and respond with only the final answer: What is 54 plus 61?,95
Solve the following and respond with only the final answer: What is 54 plus 13?,Solve the following and respond with only the final answer: What is 54 plus 86?,67
Solve the following and respond with only the final answer: What is 67 plus 98?,Solve the following and respond with only the final answer: What is 67 plus 54?,165
Solve the following and respond with only the final answer: What is 71 plus 86?,Solve the following and respond with only the final answer: What is 71 plus 59?,157
Solve the following and respond with only the final answer: What is 25 plus 55?,Solve the following and respond with only the final answer: What is 25 plus 40?,80
Solve the following and respond with only the final answer: What is 96 plus 22?,Solve the following and respond with only the final answer: What is 96 plus 73?,118
Solve the following and respond with only the final answer: What is 40 plus 43?,Solve the following and respond with only the final answer: What is 40 plus 32?,83
Solve the following and respond with only the final answer: What is 62 plus 21?,Solve the following and respond with only the final answer: What is 62 plus 13?,83
Solve the following and respond with only the final answer: What is 68 plus 37?,Solve the following and respond with only the final answer: What is 68 plus 30?,105
Solve the following and respond with only the final answer: What is 95 plus 15?,Solve the following and respond with only the final answer: What is 95 plus 29?,110
Solve the following and respond with only the final answer: What is 77 plus 42?,Solve the following and respond with only the final answer: What is 77 plus 39?,119
Solve the following and respond with only the final answer: What is 35 plus 27?,Solve the following and respond with only the final answer: What is 35 plus 14?,62
Solve the following and respond with only the final answer: What is 96 plus 87?,Solve the following and respond with only the final answer: What is 96 plus 69?,183
Solve the following and respond with only the final answer: What is 46 plus 70?,Solve the following and respond with only the final answer: What is 46 plus 85?,116
Solve the following and respond with only the final answer: What is 85 plus 12?,Solve the following and respond with only the final answer: What is 85 plus 75?,97
Solve the following and respond with only the final answer: What is 25 plus 30?,Solve the following and respond with only the final answer: What is 25 plus 16?,55
Solve the following and respond with only the final answer: What is 21 plus 28?,Solve the following and respond with only the final answer: What is 21 plus 56?,49
Solve the following and respond with only the final answer: What is 21 plus 19?,Solve the following and respond with only the final answer: What is 21 plus 89?,40
Solve the following and respond with only the final answer: What is 74 plus 26?,Solve the following and respond with only the final answer: What is 74 plus 14?,100
Solve the following and respond with only the final answer: What is 13 plus 82?,Solve the following and respond with only the final answer: What is 13 plus 58?,95
Solve the following and respond with only the final answer: What is 68 plus 53?,Solve the following and respond with only the final answer: What is 68 plus 63?,121
Solve the following and respond with only the final answer: What is 54 plus 48?,Solve the following and respond with only the final answer: What is 54 plus 93?,102
Solve the following and respond with only the final answer: What is 80 plus 53?,Solve the following and respond with only the final answer: What is 80 plus 81?,133
Solve the following and respond with only the final answer: What is 80 plus 60?,Solve the following and respond with only the final answer: What is 80 plus 13?,140
Solve the following and respond with only the final answer: What is 37 plus 27?,Solve the following and respond with only the final answer: What is 37 plus 15?,64
Solve the following and respond with only the final answer: What is 17 plus 91?,Solve the following and respond with only the final answer: What is 17 plus 90?,108
Solve the following and respond with only the final answer: What is 68 plus 41?,Solve the following and respond with only the final answer: What is 68 plus 56?,109
Solve the following and respond with only the final answer: What is 36 plus 19?,Solve the following and respond with only the final answer: What is 36 plus 16?,55
Solve the following and respond with only the final answer: What is 98 plus 66?,Solve the following and respond with only the final answer: What is 98 plus 68?,164
Solve the following and respond with only the final answer: What is 46 plus 36?,Solve the following and respond with only the final answer: What is 46 plus 39?,82
Solve the following and respond with only the final answer: What is 47 plus 65?,Solve the following and respond with only the final answer: What is 47 plus 65?,112
Solve the following and respond with only the final answer: What is 69 plus 39?,Solve the following and respond with only the final answer: What is 69 plus 87?,108
Solve the following and respond with only the final answer: What is 90 plus 32?,Solve the following and respond with only the final answer: What is 90 plus 74?,122
Solve the following and respond with only the final answer: What is 80 plus 42?,Solve the following and respond with only the final answer: What is 80 plus 83?,122
Solve the following and respond with only the final answer: What is 56 plus 77?,Solve the following and respond with only the final answer: What is 56 plus 11?,133
Solve the following and respond with only the final answer: What is 13 plus 48?,Solve the following and respond with only the final answer: What is 13 plus 58?,61
Solve the following and respond with only the final answer: What is 82 plus 72?,Solve the following and respond with only the final answer: What is 82 plus 25?,154
Solve the following and respond with only the final answer: What is 31 plus 31?,Solve the following and respond with only the final answer: What is 31 plus 22?,62
Solve the following and respond with only the final answer: What is 50 plus 89?,Solve the following and respond with only the final answer: What is 50 plus 17?,139
Solve the following and respond with only the final answer: What is 43 plus 34?,Solve the following and respond with only the final answer: What is 43 plus 33?,77
Solve the following and respond with only the final answer: What is 81 plus 90?,Solve the following and respond with only the final answer: What is 81 plus 29?,171
Solve the following and respond with only the final answer: What is 93 plus 80?,Solve the following and respond with only the final answer: What is 93 plus 35?,173
Solve the following and respond with only the final answer: What is 16 plus 13?,Solve the following and respond with only the final answer: What is 16 plus 99?,29
Solve the following and respond with only the final answer: What is 97 plus 54?,Solve the following and respond with only the final answer: What is 97 plus 31?,151
Solve the following and respond with only the final answer: What is 37 plus 32?,Solve the following and respond with only the final answer: What is 37 plus 29?,69
Solve the following and respond with only the final answer: What is 97 plus 65?,Solve the following and respond with only the final answer: What is 97 plus 83?,162
Solve the following and respond with only the final answer: What is 65 plus 33?,Solve the following and respond with only the final answer: What is 65 plus 60?,98
Solve the following and respond with only the final answer: What is 87 plus 73?,Solve the following and respond with only the final answer: What is 87 plus 31?,160
Solve the following and respond with only the final answer: What is 40 plus 27?,Solve the following and respond with only the final answer: What is 40 plus 62?,67
Solve the following and respond with only the final answer: What is 95 plus 64?,Solve the following and respond with only the final answer: What is 95 plus 29?,159
Solve the following and respond with only the final answer: What is 85 plus 94?,Solve the following and respond with only the final answer: What is 85 plus 60?,179
Solve the following and respond with only the final answer: What is 84 plus 59?,Solve the following and respond with only the final answer: What is 84 plus 69?,143
Solve the following and respond with only the final answer: What is 11 plus 13?,Solve the following and respond with only the final answer: What is 11 plus 90?,24
Solve the following and respond with only the final answer: What is 64 plus 78?,Solve the following and respond with only the final answer: What is 64 plus 23?,142
Solve the following and respond with only the final answer: What is 65 plus 93?,Solve the following and respond with only the final answer: What is 65 plus 92?,158
Solve the following and respond with only the final answer: What is 88 plus 86?,Solve the following and respond with only the final answer: What is 88 plus 54?,174
Solve the following and respond with only the final answer: What is 35 plus 42?,Solve the following and respond with only the final answer: What is 35 plus 34?,77
Solve the following and respond with only the final answer: What is 10 plus 73?,Solve the following and respond with only the final answer: What is 10 plus 60?,83
Solve the following and respond with only the final answer: What is 16 plus 44?,Solve the following and respond with only the final answer: What is 16 plus 29?,60
Solve the following and respond with only the final answer: What is 71 plus 84?,Solve the following and respond with only the final answer: What is 71 plus 69?,155
Solve the following and respond with only the final answer: What is 47 plus 27?,Solve the following and respond with only the final answer: What is 47 plus 82?,74
Solve the following and respond with only the final answer: What is 81 plus 27?,Solve the following and respond with only the final answer: What is 81 plus 39?,108
Solve the following and respond with only the final answer: What is 53 plus 75?,Solve the following and respond with only the final answer: What is 53 plus 40?,128
Solve the following and respond with only the final answer: What is 51 plus 16?,Solve the following and respond with only the final answer: What is 51 plus 36?,67
Solve the following and respond with only the final answer: What is 79 plus 88?,Solve the following and respond with only the final answer: What is 79 plus 72?,167
Solve the following and respond with only the final answer: What is 51 plus 58?,Solve the following and respond with only the final answer: What is 51 plus 20?,109
Solve the following and respond with only the final answer: What is 36 plus 58?,Solve the following and respond with only the final answer: What is 36 plus 46?,94
Solve the following and respond with only the final answer: What is 35 plus 35?,Solve the following and respond with only the final answer: What is 35 plus 78?,70
Solve the following and respond with only the final answer: What is 58 plus 26?,Solve the following and respond with only the final answer: What is 58 plus 46?,84
Solve the following and respond with only the final answer: What is 74 plus 71?,Solve the following and respond with only the final answer: What is 74 plus 77?,145
Solve the following and respond with only the final answer: What is 33 plus 18?,Solve the following and respond with only the final answer: What is 33 plus 15?,51
Solve the following and respond with only the final answer: What is 68 plus 85?,Solve the following and respond with only the final answer: What is 68 plus 68?,153
Solve the following and respond with only the final answer: What is 68 plus 75?,Solve the following and respond with only the final answer: What is 68 plus 47?,143
Solve the following and respond with only the final answer: What is 20 plus 89?,Solve the following and respond with only the final answer: What is 20 plus 85?,109
Solve the following and respond with only the final answer: What is 94 plus 12?,Solve the following and respond with only the final answer: What is 94 plus 52?,106
Solve the following and respond with only the final answer: What is 36 plus 91?,Solve the following and respond with only the final answer: What is 36 plus 30?,127
Solve the following and respond with only the final answer: What is 47 plus 16?,Solve the following and respond with only the final answer: What is 47 plus 84?,63
Solve the following and respond with only the final answer: What is 24 plus 58?,Solve the following and respond with only the final answer: What is 24 plus 91?,82
Solve the following and respond with only the final answer: What is 37 plus 63?,Solve the following and respond with only the final answer: What is 37 plus 31?,100
Solve the following and respond with only the final answer: What is 51 plus 66?,Solve the following and respond with only the final answer: What is 51 plus 52?,117
Solve the following and respond with only the final answer: What is 18 plus 53?,Solve the following and respond with only the final answer: What is 18 plus 65?,71
Solve the following and respond with only the final answer: What is 39 plus 78?,Solve the following and respond with only the final answer: What is 39 plus 38?,117
Solve the following and respond with only the final answer: What is 15 plus 56?,Solve the following and respond with only the final answer: What is 15 plus 52?,71
Solve the following and respond with only the final answer: What is 14 plus 76?,Solve the following and respond with only the final answer: What is 14 plus 21?,90
Solve the following and respond with only the final answer: What is 31 plus 98?,Solve the following and respond with only the final answer: What is 31 plus 76?,129
Solve the following and respond with only the final answer: What is 74 plus 72?,Solve the following and respond with only the final answer: What is 74 plus 67?,146
Solve the following and respond with only the final answer: What is 62 plus 92?,Solve the following and respond with only the final answer: What is 62 plus 70?,154
Solve the following and respond with only the final answer: What is 63 plus 94?,Solve the following and respond with only the final answer: What is 63 plus 44?,157
Solve the following and respond with only the final answer: What is 36 plus 68?,Solve the following and respond with only the final answer: What is 36 plus 58?,104
Solve the following and respond with only the final answer: What is 11 plus 29?,Solve the following and respond with only the final answer: What is 11 plus 83?,40
Solve the following and respond with only the final answer: What is 63 plus 32?,Solve the following and respond with only the final answer: What is 63 plus 53?,95
Solve the following and respond with only the final answer: What is 78 plus 80?,Solve the following and respond with only the final answer: What is 78 plus 18?,158
Solve the following and respond with only the final answer: What is 90 plus 85?,Solve the following and respond with only the final answer: What is 90 plus 32?,175
Solve the following and respond with only the final answer: What is 77 plus 26?,Solve the following and respond with only the final answer: What is 77 plus 22?,103
Solve the following and respond with only the final answer: What is 70 plus 69?,Solve the following and respond with only the final answer: What is 70 plus 23?,139
Solve the following and respond with only the final answer: What is 83 plus 77?,Solve the following and respond with only the final answer: What is 83 plus 36?,160
Solve the following and respond with only the final answer: What is 51 plus 96?,Solve the following and respond with only the final answer: What is 51 plus 47?,147
Solve the following and respond with only the final answer: What is 30 plus 21?,Solve the following and respond with only the final answer: What is 30 plus 93?,51
Solve the following and respond with only the final answer: What is 37 plus 17?,Solve the following and respond with only the final answer: What is 37 plus 87?,54
Solve the following and respond with only the final answer: What is 15 plus 54?,Solve the following and respond with only the final answer: What is 15 plus 39?,69
Solve the following and respond with only the final answer: What is 71 plus 49?,Solve the following and respond with only the final answer: What is 71 plus 69?,120
Solve the following and respond with only the final answer: What is 86 plus 83?,Solve the following and respond with only the final answer: What is 86 plus 65?,169
Solve the following and respond with only the final answer: What is 35 plus 12?,Solve the following and respond with only the final answer: What is 35 plus 43?,47
Solve the following and respond with only the final answer: What is 59 plus 12?,Solve the following and respond with only the final answer: What is 59 plus 69?,71
Solve the following and respond with only the final answer: What is 27 plus 59?,Solve the following and respond with only the final answer: What is 27 plus 60?,86
Solve the following and respond with only the final answer: What is 13 plus 77?,Solve the following and respond with only the final answer: What is 13 plus 36?,90
Solve the following and respond with only the final answer: What is 83 plus 98?,Solve the following and respond with only the final answer: What is 83 plus 15?,181
Solve the following and respond with only the final answer: What is 33 plus 98?,Solve the following and respond with only the final answer: What is 33 plus 58?,131
Solve the following and respond with only the final answer: What is 75 plus 98?,Solve the following and respond with only the final answer: What is 75 plus 57?,173
Solve the following and respond with only the final answer: What is 17 plus 87?,Solve the following and respond with only the final answer: What is 17 plus 56?,104
Solve the following and respond with only the final answer: What is 14 plus 89?,Solve the following and respond with only the final answer: What is 14 plus 94?,103
Solve the following and respond with only the final answer: What is 63 plus 55?,Solve the following and respond with only the final answer: What is 63 plus 43?,118
Solve the following and respond with only the final answer: What is 70 plus 52?,Solve the following and respond with only the final answer: What is 70 plus 69?,122
Solve the following and respond with only the final answer: What is 87 plus 43?,Solve the following and respond with only the final answer: What is 87 plus 94?,130
Solve the following and respond with only the final answer: What is 88 plus 65?,Solve the following and respond with only the final answer: What is 88 plus 10?,153
Solve the following and respond with only the final answer: What is 36 plus 66?,Solve the following and respond with only the final answer: What is 36 plus 47?,102
Solve the following and respond with only the final answer: What is 39 plus 39?,Solve the following and respond with only the final answer: What is 39 plus 89?,78
Solve the following and respond with only the final answer: What is 85 plus 27?,Solve the following and respond with only the final answer: What is 85 plus 51?,112
Solve the following and respond with only the final answer: What is 31 plus 99?,Solve the following and respond with only the final answer: What is 31 plus 63?,130
Solve the following and respond with only the final answer: What is 61 plus 10?,Solve the following and respond with only the final answer: What is 61 plus 17?,71
Solve the following and respond with only the final answer: What is 66 plus 60?,Solve the following and respond with only the final answer: What is 66 plus 11?,126
Solve the following and respond with only the final answer: What is 35 plus 44?,Solve the following and respond with only the final answer: What is 35 plus 90?,79
Solve the following and respond with only the final answer: What is 11 plus 56?,Solve the following and respond with only the final answer: What is 11 plus 21?,67
Solve the following and respond with only the final answer: What is 31 plus 75?,Solve the following and respond with only the final answer: What is 31 plus 57?,106
Solve the following and respond with only the final answer: What is 20 plus 72?,Solve the following and respond with only the final answer: What is 20 plus 94?,92
Solve the following and respond with only the final answer: What is 76 plus 88?,Solve the following and respond with only the final answer: What is 76 plus 10?,164
Solve the following and respond with only the final answer: What is 38 plus 94?,Solve the following and respond with only the final answer: What is 38 plus 68?,132
Solve the following and respond with only the final answer: What is 33 plus 44?,Solve the following and respond with only the final answer: What is 33 plus 78?,77
Solve the following and respond with only the final answer: What is 29 plus 34?,Solve the following and respond with only the final answer: What is 29 plus 50?,63
Solve the following and respond with only the final answer: What is 77 plus 70?,Solve the following and respond with only the final answer: What is 77 plus 83?,147
Solve the following and respond with only the final answer: What is 37 plus 71?,Solve the following and respond with only the final answer: What is 37 plus 47?,108
Solve the following and respond with only the final answer: What is 50 plus 25?,Solve the following and respond with only the final answer: What is 50 plus 57?,75
Solve the following and respond with only the final answer: What is 55 plus 98?,Solve the following and respond with only the final answer: What is 55 plus 31?,153
Solve the following and respond with only the final answer: What is 30 plus 92?,Solve the following and respond with only the final answer: What is 30 plus 67?,122
Solve the following and respond with only the final answer: What is 22 plus 81?,Solve the following and respond with only the final answer: What is 22 plus 82?,103
Solve the following and respond with only the final answer: What is 54 plus 12?,Solve the following and respond with only the final answer: What is 54 plus 23?,66
Solve the following and respond with only the final answer: What is 25 plus 35?,Solve the following and respond with only the final answer: What is 25 plus 79?,60
Solve the following and respond with only the final answer: What is 17 plus 90?,Solve the following and respond with only the final answer: What is 17 plus 39?,107
Solve the following and respond with only the final answer: What is 19 plus 82?,Solve the following and respond with only the final answer: What is 19 plus 13?,101
Solve the following and respond with only the final answer: What is 35 plus 32?,Solve the following and respond with only the final answer: What is 35 plus 85?,67
Solve the following and respond with only the final answer: What is 39 plus 76?,Solve the following and respond with only the final answer: What is 39 plus 91?,115
Solve the following and respond with only the final answer: What is 76 plus 59?,Solve the following and respond with only the final answer: What is 76 plus 26?,135
Solve the following and respond with only the final answer: What is 63 plus 61?,Solve the following and respond with only the final answer: What is 63 plus 57?,124
Solve the following and respond with only the final answer: What is 65 plus 87?,Solve the following and respond with only the final answer: What is 65 plus 90?,152
Solve the following and respond with only the final answer: What is 70 plus 12?,Solve the following and respond with only the final answer: What is 70 plus 43?,82
Solve the following and respond with only the final answer: What is 59 plus 45?,Solve the following and respond with only the final answer: What is 59 plus 44?,104
Solve the following and respond with only the final answer: What is 80 plus 32?,Solve the following and respond with only the final answer: What is 80 plus 84?,112
Solve the following and respond with only the final answer: What is 36 plus 20?,Solve the following and respond with only the final answer: What is 36 plus 74?,56
Solve the following and respond with only the final answer: What is 96 plus 50?,Solve the following and respond with only the final answer: What is 96 plus 26?,146
Solve the following and respond with only the final answer: What is 53 plus 61?,Solve the following and respond with only the final answer: What is 53 plus 26?,114
Solve the following and respond with only the final answer: What is 93 plus 65?,Solve the following and respond with only the final answer: What is 93 plus 72?,158
Solve the following and respond with only the final answer: What is 57 plus 99?,Solve the following and respond with only the final answer: What is 57 plus 89?,156
Solve the following and respond with only the final answer: What is 50 plus 56?,Solve the following and respond with only the final answer: What is 50 plus 70?,106
Solve the following and respond with only the final answer: What is 54 plus 36?,Solve the following and respond with only the final answer: What is 54 plus 28?,90
Solve the following and respond with only the final answer: What is 91 plus 76?,Solve the following and respond with only the final answer: What is 91 plus 64?,167
Solve the following and respond with only the final answer: What is 98 plus 29?,Solve the following and respond with only the final answer: What is 98 plus 97?,127
Solve the following and respond with only the final answer: What is 89 plus 64?,Solve the following and respond with only the final answer: What is 89 plus 76?,153
Solve the following and respond with only the final answer: What is 72 plus 58?,Solve the following and respond with only the final answer: What is 72 plus 32?,130
Solve the following and respond with only the final answer: What is 47 plus 44?,Solve the following and respond with only the final answer: What is 47 plus 15?,91
Solve the following and respond with only the final answer: What is 82 plus 83?,Solve the following and respond with only the final answer: What is 82 plus 54?,165
Solve the following and respond with only the final answer: What is 44 plus 33?,Solve the following and respond with only the final answer: What is 44 plus 43?,77
Solve the following and respond with only the final answer: What is 28 plus 15?,Solve the following and respond with only the final answer: What is 28 plus 73?,43
Solve the following and respond with only the final answer: What is 59 plus 58?,Solve the following and respond with only the final answer: What is 59 plus 72?,117
Solve the following and respond with only the final answer: What is 10 plus 94?,Solve the following and respond with only the final answer: What is 10 plus 87?,104
Solve the following and respond with only the final answer: What is 18 plus 48?,Solve the following and respond with only the final answer: What is 18 plus 41?,66
Solve the following and respond with only the final answer: What is 30 plus 35?,Solve the following and respond with only the final answer: What is 30 plus 72?,65
Solve the following and respond with only the final answer: What is 94 plus 20?,Solve the following and respond with only the final answer: What is 94 plus 16?,114
Solve the following and respond with only the final answer: What is 37 plus 37?,Solve the following and respond with only the final answer: What is 37 plus 39?,74
Solve the following and respond with only the final answer: What is 30 plus 93?,Solve the following and respond with only the final answer: What is 30 plus 60?,123
Solve the following and respond with only the final answer: What is 62 plus 26?,Solve the following and respond with only the final answer: What is 62 plus 41?,88
Solve the following and respond with only the final answer: What is 70 plus 27?,Solve the following and respond with only the final answer: What is 70 plus 82?,97
Solve the following and respond with only the final answer: What is 71 plus 69?,Solve the following and respond with only the final answer: What is 71 plus 66?,140
Solve the following and respond with only the final answer: What is 15 plus 74?,Solve the following and respond with only the final answer: What is 15 plus 61?,89
Solve the following and respond with only the final answer: What is 59 plus 68?,Solve the following and respond with only the final answer: What is 59 plus 10?,127
Solve the following and respond with only the final answer: What is 10 plus 61?,Solve the following and respond with only the final answer: What is 10 plus 90?,71
Solve the following and respond with only the final answer: What is 29 plus 50?,Solve the following and respond with only the final answer: What is 29 plus 36?,79
Solve the following and respond with only the final answer: What is 76 plus 75?,Solve the following and respond with only the final answer: What is 76 plus 89?,151
Solve the following and respond with only the final answer: What is 97 plus 65?,Solve the following and respond with only the final answer: What is 97 plus 97?,162
Solve the following and respond with only the final answer: What is 59 plus 18?,Solve the following and respond with only the final answer: What is 59 plus 50?,77
Solve the following and respond with only the final answer: What is 95 plus 75?,Solve the following and respond with only the final answer: What is 95 plus 16?,170
Solve the following and respond with only the final answer: What is 25 plus 56?,Solve the following and respond with only the final answer: What is 25 plus 41?,81
Solve the following and respond with only the final answer: What is 36 plus 35?,Solve the following and respond with only the final answer: What is 36 plus 65?,71
Solve the following and respond with only the final answer: What is 78 plus 53?,Solve the following and respond with only the final answer: What is 78 plus 25?,131
Solve the following and respond with only the final answer: What is 43 plus 27?,Solve the following and respond with only the final answer: What is 43 plus 27?,70
Solve the following and respond with only the final answer: What is 15 plus 62?,Solve the following and respond with only the final answer: What is 15 plus 23?,77
Solve the following and respond with only the final answer: What is 12 plus 16?,Solve the following and respond with only the final answer: What is 12 plus 77?,28
Solve the following and respond with only the final answer: What is 21 plus 76?,Solve the following and respond with only the final answer: What is 21 plus 58?,97
Solve the following and respond with only the final answer: What is 63 plus 79?,Solve the following and respond with only the final answer: What is 63 plus 95?,142
Solve the following and respond with only the final answer: What is 62 plus 41?,Solve the following and respond with only the final answer: What is 62 plus 45?,103
Solve the following and respond with only the final answer: What is 30 plus 27?,Solve the following and respond with only the final answer: What is 30 plus 88?,57
Solve the following and respond with only the final answer: What is 63 plus 55?,Solve the following and respond with only the final answer: What is 63 plus 39?,118
Solve the following and respond with only the final answer: What is 52 plus 68?,Solve the following and respond with only the final answer: What is 52 plus 17?,120
Solve the following and respond with only the final answer: What is 73 plus 73?,Solve the following and respond with only the final answer: What is 73 plus 41?,146
Solve the following and respond with only the final answer: What is 77 plus 63?,Solve the following and respond with only the final answer: What is 77 plus 99?,140
Solve the following and respond with only the final answer: What is 48 plus 61?,Solve the following and respond with only the final answer: What is 48 plus 78?,109
Solve the following and respond with only the final answer: What is 55 plus 46?,Solve the following and respond with only the final answer: What is 55 plus 22?,101
Solve the following and respond with only the final answer: What is 69 plus 51?,Solve the following and respond with only the final answer: What is 69 plus 23?,120
Solve the following and respond with only the final answer: What is 43 plus 12?,Solve the following and respond with only the final answer: What is 43 plus 54?,55
Solve the following and respond with only the final answer: What is 55 plus 96?,Solve the following and respond with only the final answer: What is 55 plus 72?,151
Solve the following and respond with only the final answer: What is 75 plus 96?,Solve the following and respond with only the final answer: What is 75 plus 24?,171
Solve the following and respond with only the final answer: What is 20 plus 53?,Solve the following and respond with only the final answer: What is 20 plus 86?,73
Solve the following and respond with only the final answer: What is 60 plus 43?,Solve the following and respond with only the final answer: What is 60 plus 52?,103
Solve the following and respond with only the final answer: What is 50 plus 23?,Solve the following and respond with only the final answer: What is 50 plus 37?,73
Solve the following and respond with only the final answer: What is 49 plus 80?,Solve the following and respond with only the final answer: What is 49 plus 89?,129
Solve the following and respond with only the final answer: What is 87 plus 73?,Solve the following and respond with only the final answer: What is 87 plus 79?,160
Solve the following and respond with only the final answer: What is 89 plus 14?,Solve the following and respond with only the final answer: What is 89 plus 53?,103
Solve the following and respond with only the final answer: What is 15 plus 75?,Solve the following and respond with only the final answer: What is 15 plus 28?,90
Solve the following and respond with only the final answer: What is 33 plus 53?,Solve the following and respond with only the final answer: What is 33 plus 50?,86
Solve the following and respond with only the final answer: What is 50 plus 20?,Solve the following and respond with only the final answer: What is 50 plus 88?,70
Solve the following and respond with only the final answer: What is 70 plus 82?,Solve the following and respond with only the final answer: What is 70 plus 91?,152
Solve the following and respond with only the final answer: What is 15 plus 46?,Solve the following and respond with only the final answer: What is 15 plus 35?,61
Solve the following and respond with only the final answer: What is 25 plus 36?,Solve the following and respond with only the final answer: What is 25 plus 85?,61
Solve the following and respond with only the final answer: What is 14 plus 51?,Solve the following and respond with only the final answer: What is 14 plus 64?,65
Solve the following and respond with only the final answer: What is 95 plus 96?,Solve the following and respond with only the final answer: What is 95 plus 88?,191
Solve the following and respond with only the final answer: What is 43 plus 34?,Solve the following and respond with only the final answer: What is 43 plus 12?,77
Solve the following and respond with only the final answer: What is 45 plus 26?,Solve the following and respond with only the final answer: What is 45 plus 82?,71
Solve the following and respond with only the final answer: What is 32 plus 61?,Solve the following and respond with only the final answer: What is 32 plus 57?,93
Solve the following and respond with only the final answer: What is 69 plus 34?,Solve the following and respond with only the final answer: What is 69 plus 14?,103
Solve the following and respond with only the final answer: What is 88 plus 89?,Solve the following and respond with only the final answer: What is 88 plus 99?,177
Solve the following and respond with only the final answer: What is 35 plus 44?,Solve the following and respond with only the final answer: What is 35 plus 14?,79
Solve the following and respond with only the final answer: What is 14 plus 39?,Solve the following and respond with only the final answer: What is 14 plus 59?,53
Solve the following and respond with only the final answer: What is 45 plus 26?,Solve the following and respond with only the final answer: What is 45 plus 11?,71
Solve the following and respond with only the final answer: What is 39 plus 88?,Solve the following and respond with only the final answer: What is 39 plus 75?,127
Solve the following and respond with only the final answer: What is 26 plus 76?,Solve the following and respond with only the final answer: What is 26 plus 62?,102
Solve the following and respond with only the final answer: What is 17 plus 11?,Solve the following and respond with only the final answer: What is 17 plus 69?,28
Solve the following and respond with only the final answer: What is 56 plus 61?,Solve the following and respond with only the final answer: What is 56 plus 40?,117
Solve the following and respond with only the final answer: What is 83 plus 75?,Solve the following and respond with only the final answer: What is 83 plus 78?,158
Solve the following and respond with only the final answer: What is 74 plus 15?,Solve the following and respond with only the final answer: What is 74 plus 14?,89
Solve the following and respond with only the final answer: What is 27 plus 25?,Solve the following and respond with only the final answer: What is 27 plus 61?,52
Solve the following and respond with only the final answer: What is 62 plus 86?,Solve the following and respond with only the final answer: What is 62 plus 61?,148
Solve the following and respond with only the final answer: What is 99 plus 98?,Solve the following and respond with only the final answer: What is 99 plus 36?,197
Solve the following and respond with only the final answer: What is 93 plus 97?,Solve the following and respond with only the final answer: What is 93 plus 95?,190
Solve the following and respond with only the final answer: What is 83 plus 10?,Solve the following and respond with only the final answer: What is 83 plus 51?,93
Solve the following and respond with only the final answer: What is 44 plus 40?,Solve the following and respond with only the final answer: What is 44 plus 51?,84
Solve the following and respond with only the final answer: What is 51 plus 60?,Solve the following and respond with only the final answer: What is 51 plus 24?,111
Solve the following and respond with only the final answer: What is 22 plus 98?,Solve the following and respond with only the final answer: What is 22 plus 73?,120
Solve the following and respond with only the final answer: What is 82 plus 48?,Solve the following and respond with only the final answer: What is 82 plus 99?,130
Solve the following and respond with only the final answer: What is 24 plus 28?,Solve the following and respond with only the final answer: What is 24 plus 59?,52
Solve the following and respond with only the final answer: What is 72 plus 35?,Solve the following and respond with only the final answer: What is 72 plus 88?,107
Solve the following and respond with only the final answer: What is 93 plus 24?,Solve the following and respond with only the final answer: What is 93 plus 81?,117
Solve the following and respond with only the final answer: What is 57 plus 92?,Solve the following and respond with only the final answer: What is 57 plus 68?,149
Solve the following and respond with only the final answer: What is 56 plus 59?,Solve the following and respond with only the final answer: What is 56 plus 15?,115
Solve the following and respond with only the final answer: What is 22 plus 44?,Solve the following and respond with only the final answer: What is 22 plus 28?,66
Solve the following and respond with only the final answer: What is 51 plus 14?,Solve the following and respond with only the final answer: What is 51 plus 88?,65
Solve the following and respond with only the final answer: What is 76 plus 46?,Solve the following and respond with only the final answer: What is 76 plus 15?,122
Solve the following and respond with only the final answer: What is 49 plus 14?,Solve the following and respond with only the final answer: What is 49 plus 60?,63
Solve the following and respond with only the final answer: What is 64 plus 38?,Solve the following and respond with only the final answer: What is 64 plus 79?,102
Solve the following and respond with only the final answer: What is 17 plus 39?,Solve the following and respond with only the final answer: What is 17 plus 23?,56
Solve the following and respond with only the final answer: What is 65 plus 19?,Solve the following and respond with only the final answer: What is 65 plus 61?,84
Solve the following and respond with only the final answer: What is 56 plus 73?,Solve the following and respond with only the final answer: What is 56 plus 27?,129
Solve the following and respond with only the final answer: What is 70 plus 27?,Solve the following and respond with only the final answer: What is 70 plus 91?,97
Solve the following and respond with only the final answer: What is 90 plus 35?,Solve the following and respond with only the final answer: What is 90 plus 82?,125
Solve the following and respond with only the final answer: What is 51 plus 70?,Solve the following and respond with only the final answer: What is 51 plus 91?,121
Solve the following and respond with only the final answer: What is 35 plus 57?,Solve the following and respond with only the final answer: What is 35 plus 96?,92
Solve the following and respond with only the final answer: What is 20 plus 48?,Solve the following and respond with only the final answer: What is 20 plus 11?,68
Solve the following and respond with only the final answer: What is 31 plus 31?,Solve the following and respond with only the final answer: What is 31 plus 63?,62
Solve the following and respond with only the final answer: What is 31 plus 95?,Solve the following and respond with only the final answer: What is 31 plus 94?,126
Solve the following and respond with only the final answer: What is 98 plus 85?,Solve the following and respond with only the final answer: What is 98 plus 55?,183
Solve the following and respond with only the final answer: What is 16 plus 15?,Solve the following and respond with only the final answer: What is 16 plus 10?,31
Solve the following and respond with only the final answer: What is 77 plus 60?,Solve the following and respond with only the final answer: What is 77 plus 10?,137
Solve the following and respond with only the final answer: What is 41 plus 97?,Solve the following and respond with only the final answer: What is 41 plus 76?,138
Solve the following and respond with only the final answer: What is 76 plus 59?,Solve the following and respond with only the final answer: What is 76 plus 24?,135
Solve the following and respond with only the final answer: What is 61 plus 55?,Solve the following and respond with only the final answer: What is 61 plus 50?,116
Solve the following and respond with only the final answer: What is 72 plus 28?,Solve the following and respond with only the final answer: What is 72 plus 11?,100
Solve the following and respond with only the final answer: What is 69 plus 50?,Solve the following and respond with only the final answer: What is 69 plus 30?,119
Solve the following and respond with only the final answer: What is 74 plus 28?,Solve the following and respond with only the final answer: What is 74 plus 12?,102
Solve the following and respond with only the final answer: What is 46 plus 36?,Solve the following and respond with only the final answer: What is 46 plus 16?,82
Solve the following and respond with only the final answer: What is 35 plus 48?,Solve the following and respond with only the final answer: What is 35 plus 95?,83
Solve the following and respond with only the final answer: What is 45 plus 84?,Solve the following and respond with only the final answer: What is 45 plus 48?,129
Solve the following and respond with only the final answer: What is 88 plus 56?,Solve the following and respond with only the final answer: What is 88 plus 59?,144
Solve the following and respond with only the final answer: What is 39 plus 93?,Solve the following and respond with only the final answer: What is 39 plus 69?,132
Solve the following and respond with only the final answer: What is 40 plus 98?,Solve the following and respond with only the final answer: What is 40 plus 52?,138
Solve the following and respond with only the final answer: What is 90 plus 74?,Solve the following and respond with only the final answer: What is 90 plus 43?,164
Solve the following and respond with only the final answer: What is 33 plus 89?,Solve the following and respond with only the final answer: What is 33 plus 65?,122
Solve the following and respond with only the final answer: What is 17 plus 79?,Solve the following and respond with only the final answer: What is 17 plus 24?,96
Solve the following and respond with only the final answer: What is 35 plus 54?,Solve the following and respond with only the final answer: What is 35 plus 13?,89
Solve the following and respond with only the final answer: What is 57 plus 16?,Solve the following and respond with only the final answer: What is 57 plus 16?,73
Solve the following and respond with only the final answer: What is 73 plus 44?,Solve the following and respond with only the final answer: What is 73 plus 77?,117
Solve the following and respond with only the final answer: What is 93 plus 58?,Solve the following and respond with only the final answer: What is 93 plus 13?,151
Solve the following and respond with only the final answer: What is 69 plus 50?,Solve the following and respond with only the final answer: What is 69 plus 89?,119
Solve the following and respond with only the final answer: What is 95 plus 45?,Solve the following and respond with only the final answer: What is 95 plus 42?,140
Solve the following and respond with only the final answer: What is 63 plus 46?,Solve the following and respond with only the final answer: What is 63 plus 16?,109
Solve the following and respond with only the final answer: What is 94 plus 49?,Solve the following and respond with only the final answer: What is 94 plus 65?,143
Solve the following and respond with only the final answer: What is 53 plus 91?,Solve the following and respond with only the final answer: What is 53 plus 48?,144
Solve the following and respond with only the final answer: What is 23 plus 58?,Solve the following and respond with only the final answer: What is 23 plus 73?,81
Solve the following and respond with only the final answer: What is 46 plus 48?,Solve the following and respond with only the final answer: What is 46 plus 83?,94
Solve the following and respond with only the final answer: What is 16 plus 19?,Solve the following and respond with only the final answer: What is 16 plus 76?,35
Solve the following and respond with only the final answer: What is 55 plus 91?,Solve the following and respond with only the final answer: What is 55 plus 90?,146
Solve the following and respond with only the final answer: What is 27 plus 78?,Solve the following and respond with only the final answer: What is 27 plus 28?,105
Solve the following and respond with only the final answer: What is 57 plus 22?,Solve the following and respond with only the final answer: What is 57 plus 51?,79
Solve the following and respond with only the final answer: What is 25 plus 16?,Solve the following and respond with only the final answer: What is 25 plus 72?,41
Solve the following and respond with only the final answer: What is 29 plus 97?,Solve the following and respond with only the final answer: What is 29 plus 30?,126
Solve the following and respond with only the final answer: What is 57 plus 60?,Solve the following and respond with only the final answer: What is 57 plus 85?,117
Solve the following and respond with only the final answer: What is 78 plus 35?,Solve the following and respond with only the final answer: What is 78 plus 74?,113
Solve the following and respond with only the final answer: What is 93 plus 32?,Solve the following and respond with only the final answer: What is 93 plus 51?,125
Solve the following and respond with only the final answer: What is 94 plus 91?,Solve the following and respond with only the final answer: What is 94 plus 34?,185
Solve the following and respond with only the final answer: What is 93 plus 59?,Solve the following and respond with only the final answer: What is 93 plus 53?,152
Solve the following and respond with only the final answer: What is 82 plus 18?,Solve the following and respond with only the final answer: What is 82 plus 46?,100
Solve the following and respond with only the final answer: What is 70 plus 99?,Solve the following and respond with only the final answer: What is 70 plus 90?,169
Solve the following and respond with only the final answer: What is 32 plus 43?,Solve the following and respond with only the final answer: What is 32 plus 54?,75
Solve the following and respond with only the final answer: What is 82 plus 53?,Solve the following and respond with only the final answer: What is 82 plus 96?,135
Solve the following and respond with only the final answer: What is 70 plus 85?,Solve the following and respond with only the final answer: What is 70 plus 25?,155
Solve the following and respond with only the final answer: What is 69 plus 25?,Solve the following and respond with only the final answer: What is 69 plus 31?,94
Solve the following and respond with only the final answer: What is 95 plus 89?,Solve the following and respond with only the final answer: What is 95 plus 42?,184
Solve the following and respond with only the final answer: What is 11 plus 92?,Solve the following and respond with only the final answer: What is 11 plus 73?,103
Solve the following and respond with only the final answer: What is 95 plus 75?,Solve the following and respond with only the final answer: What is 95 plus 78?,170
Solve the following and respond with only the final answer: What is 67 plus 42?,Solve the following and respond with only the final answer: What is 67 plus 93?,109
Solve the following and respond with only the final answer: What is 71 plus 13?,Solve the following and respond with only the final answer: What is 71 plus 16?,84
Solve the following and respond with only the final answer: What is 42 plus 65?,Solve the following and respond with only the final answer: What is 42 plus 68?,107
Solve the following and respond with only the final answer: What is 47 plus 34?,Solve the following and respond with only the final answer: What is 47 plus 58?,81
Solve the following and respond with only the final answer: What is 29 plus 99?,Solve the following and respond with only the final answer: What is 29 plus 20?,128
Solve the following and respond with only the final answer: What is 94 plus 95?,Solve the following and respond with only the final answer: What is 94 plus 15?,189
Solve the following and respond with only the final answer: What is 72 plus 86?,Solve the following and respond with only the final answer: What is 72 plus 19?,158
Solve the following and respond with only the final answer: What is 21 plus 60?,Solve the following and respond with only the final answer: What is 21 plus 12?,81
Solve the following and respond with only the final answer: What is 46 plus 74?,Solve the following and respond with only the final answer: What is 46 plus 21?,120
Solve the following and respond with only the final answer: What is 66 plus 29?,Solve the following and respond with only the final answer: What is 66 plus 13?,95
Solve the following and respond with only the final answer: What is 44 plus 64?,Solve the following and respond with only the final answer: What is 44 plus 22?,108
Solve the following and respond with only the final answer: What is 12 plus 40?,Solve the following and respond with only the final answer: What is 12 plus 70?,52
Solve the following and respond with only the final answer: What is 32 plus 57?,Solve the following and respond with only the final answer: What is 32 plus 59?,89
Solve the following and respond with only the final answer: What is 53 plus 43?,Solve the following and respond with only the final answer: What is 53 plus 93?,96
Solve the following and respond with only the final answer: What is 50 plus 83?,Solve the following and respond with only the final answer: What is 50 plus 97?,133
Solve the following and respond with only the final answer: What is 99 plus 65?,Solve the following and respond with only the final answer: What is 99 plus 53?,164
Solve the following and respond with only the final answer: What is 52 plus 25?,Solve the following and respond with only the final answer: What is 52 plus 75?,77
Solve the following and respond with only the final answer: What is 81 plus 67?,Solve the following and respond with only the final answer: What is 81 plus 52?,148
Solve the following and respond with only the final answer: What is 64 plus 91?,Solve the following and respond with only the final answer: What is 64 plus 22?,155
Solve the following and respond with only the final answer: What is 48 plus 13?,Solve the following and respond with only the final answer: What is 48 plus 60?,61
Solve the following and respond with only the final answer: What is 71 plus 47?,Solve the following and respond with only the final answer: What is 71 plus 38?,118
Solve the following and respond with only the final answer: What is 21 plus 14?,Solve the following and respond with only the final answer: What is 21 plus 99?,35
Solve the following and respond with only the final answer: What is 85 plus 57?,Solve the following and respond with only the final answer: What is 85 plus 59?,142
Solve the following and respond with only the final answer: What is 38 plus 90?,Solve the following and respond with only the final answer: What is 38 plus 39?,128
Solve the following and respond with only the final answer: What is 65 plus 55?,Solve the following and respond with only the final answer: What is 65 plus 37?,120
Solve the following and respond with only the final answer: What is 62 plus 58?,Solve the following and respond with only the final answer: What is 62 plus 36?,120
Solve the following and respond with only the final answer: What is 51 plus 52?,Solve the following and respond with only the final answer: What is 51 plus 24?,103
Solve the following and respond with only the final answer: What is 42 plus 45?,Solve the following and respond with only the final answer: What is 42 plus 92?,87
Solve the following and respond with only the final answer: What is 47 plus 14?,Solve the following and respond with only the final answer: What is 47 plus 33?,61
Solve the following and respond with only the final answer: What is 96 plus 75?,Solve the following and respond with only the final answer: What is 96 plus 54?,171
Solve the following and respond with only the final answer: What is 55 plus 96?,Solve the following and respond with only the final answer: What is 55 plus 67?,151
Solve the following and respond with only the final answer: What is 30 plus 93?,Solve the following and respond with only the final answer: What is 30 plus 52?,123
Solve the following and respond with only the final answer: What is 33 plus 21?,Solve the following and respond with only the final answer: What is 33 plus 62?,54
Solve the following and respond with only the final answer: What is 59 plus 21?,Solve the following and respond with only the final answer: What is 59 plus 86?,80
Solve the following and respond with only the final answer: What is 15 plus 12?,Solve the following and respond with only the final answer: What is 15 plus 37?,27
Solve the following and respond with only the final answer: What is 82 plus 34?,Solve the following and respond with only the final answer: What is 82 plus 38?,116
Solve the following and respond with only the final answer: What is 56 plus 92?,Solve the following and respond with only the final answer: What is 56 plus 53?,148
Solve the following and respond with only the final answer: What is 68 plus 19?,Solve the following and respond with only the final answer: What is 68 plus 57?,87
Solve the following and respond with only the final answer: What is 14 plus 62?,Solve the following and respond with only the final answer: What is 14 plus 58?,76
Solve the following and respond with only the final answer: What is 88 plus 89?,Solve the following and respond with only the final answer: What is 88 plus 88?,177
Solve the following and respond with only the final answer: What is 89 plus 12?,Solve the following and respond with only the final answer: What is 89 plus 92?,101
Solve the following and respond with only the final answer: What is 10 plus 74?,Solve the following and respond with only the final answer: What is 10 plus 85?,84
Solve the following and respond with only the final answer: What is 63 plus 37?,Solve the following and respond with only the final answer: What is 63 plus 39?,100
Solve the following and respond with only the final answer: What is 64 plus 65?,Solve the following and respond with only the final answer: What is 64 plus 45?,129
Solve the following and respond with only the final answer: What is 97 plus 41?,Solve the following and respond with only the final answer: What is 97 plus 64?,138
Solve the following and respond with only the final answer: What is 43 plus 46?,Solve the following and respond with only the final answer: What is 43 plus 77?,89
Solve the following and respond with only the final answer: What is 32 plus 63?,Solve the following and respond with only the final answer: What is 32 plus 82?,95
Solve the following and respond with only the final answer: What is 90 plus 13?,Solve the following and respond with only the final answer: What is 90 plus 26?,103
Solve the following and respond with only the final answer: What is 89 plus 32?,Solve the following and respond with only the final answer: What is 89 plus 54?,121
Solve the following and respond with only the final answer: What is 55 plus 11?,Solve the following and respond with only the final answer: What is 55 plus 91?,66
Solve the following and respond with only the final answer: What is 94 plus 14?,Solve the following and respond with only the final answer: What is 94 plus 52?,108
Solve the following and respond with only the final answer: What is 56 plus 76?,Solve the following and respond with only the final answer: What is 56 plus 83?,132
Solve the following and respond with only the final answer: What is 26 plus 70?,Solve the following and respond with only the final answer: What is 26 plus 51?,96
Solve the following and respond with only the final answer: What is 37 plus 63?,Solve the following and respond with only the final answer: What is 37 plus 62?,100
Solve the following and respond with only the final answer: What is 60 plus 59?,Solve the following and respond with only the final answer: What is 60 plus 41?,119
Solve the following and respond with only the final answer: What is 48 plus 14?,Solve the following and respond with only the final answer: What is 48 plus 52?,62
Solve the following and respond with only the final answer: What is 64 plus 15?,Solve the following and respond with only the final answer: What is 64 plus 71?,79
Solve the following and respond with only the final answer: What is 83 plus 41?,Solve the following and respond with only the final answer: What is 83 plus 74?,124
Solve the following and respond with only the final answer: What is 25 plus 22?,Solve the following and respond with only the final answer: What is 25 plus 67?,47
Solve the following and respond with only the final answer: What is 54 plus 93?,Solve the following and respond with only the final answer: What is 54 plus 58?,147
Solve the following and respond with only the final answer: What is 75 plus 18?,Solve the following and respond with only the final answer: What is 75 plus 68?,93
Solve the following and respond with only the final answer: What is 13 plus 88?,Solve the following and respond with only the final answer: What is 13 plus 92?,101
Solve the following and respond with only the final answer: What is 86 plus 54?,Solve the following and respond with only the final answer: What is 86 plus 60?,140
Solve the following and respond with only the final answer: What is 54 plus 88?,Solve the following and respond with only the final answer: What is 54 plus 28?,142
Solve the following and respond with only the final answer: What is 75 plus 91?,Solve the following and respond with only the final answer: What is 75 plus 62?,166
Solve the following and respond with only the final answer: What is 42 plus 72?,Solve the following and respond with only the final answer: What is 42 plus 62?,114
Solve the following and respond with only the final answer: What is 62 plus 82?,Solve the following and respond with only the final answer: What is 62 plus 57?,144
Solve the following and respond with only the final answer: What is 23 plus 66?,Solve the following and respond with only the final answer: What is 23 plus 16?,89
Solve the following and respond with only the final answer: What is 69 plus 18?,Solve the following and respond with only the final answer: What is 69 plus 94?,87
Solve the following and respond with only the final answer: What is 91 plus 91?,Solve the following and respond with only the final answer: What is 91 plus 84?,182
Solve the following and respond with only the final answer: What is 52 plus 24?,Solve the following and respond with only the final answer: What is 52 plus 24?,76
Solve the following and respond with only the final answer: What is 62 plus 95?,Solve the following and respond with only the final answer: What is 62 plus 10?,157
Solve the following and respond with only the final answer: What is 11 plus 58?,Solve the following and respond with only the final answer: What is 11 plus 74?,69
Solve the following and respond with only the final answer: What is 85 plus 93?,Solve the following and respond with only the final answer: What is 85 plus 92?,178
Solve the following and respond with only the final answer: What is 24 plus 60?,Solve the following and respond with only the final answer: What is 24 plus 93?,84
Solve the following and respond with only the final answer: What is 25 plus 18?,Solve the following and respond with only the final answer: What is 25 plus 74?,43
Solve the following and respond with only the final answer: What is 26 plus 22?,Solve the following and respond with only the final answer: What is 26 plus 34?,48
Solve the following and respond with only the final answer: What is 10 plus 81?,Solve the following and respond with only the final answer: What is 10 plus 56?,91
Solve the following and respond with only the final answer: What is 92 plus 39?,Solve the following and respond with only the final answer: What is 92 plus 48?,131
Solve the following and respond with only the final answer: What is 43 plus 81?,Solve the following and respond with only the final answer: What is 43 plus 30?,124
Solve the following and respond with only the final answer: What is 87 plus 75?,Solve the following and respond with only the final answer: What is 87 plus 82?,162
Solve the following and respond with only the final answer: What is 49 plus 98?,Solve the following and respond with only the final answer: What is 49 plus 16?,147
Solve the following and respond with only the final answer: What is 95 plus 86?,Solve the following and respond with only the final answer: What is 95 plus 44?,181
Solve the following and respond with only the final answer: What is 22 plus 33?,Solve the following and respond with only the final answer: What is 22 plus 24?,55
Solve the following and respond with only the final answer: What is 51 plus 29?,Solve the following and respond with only the final answer: What is 51 plus 66?,80
Solve the following and respond with only the final answer: What is 88 plus 61?,Solve the following and respond with only the final answer: What is 88 plus 72?,149
Solve the following and respond with only the final answer: What is 86 plus 16?,Solve the following and respond with only the final answer: What is 86 plus 56?,102
Solve the following and respond with only the final answer: What is 17 plus 38?,Solve the following and respond with only the final answer: What is 17 plus 96?,55
Solve the following and respond with only the final answer: What is 55 plus 68?,Solve the following and respond with only the final answer: What is 55 plus 23?,123
Solve the following and respond with only the final answer: What is 38 plus 97?,Solve the following and respond with only the final answer: What is 38 plus 19?,135
Solve the following and respond with only the final answer: What is 20 plus 96?,Solve the following and respond with only the final answer: What is 20 plus 73?,116
Solve the following and respond with only the final answer: What is 87 plus 89?,Solve the following and respond with only the final answer: What is 87 plus 14?,176
Solve the following and respond with only the final answer: What is 24 plus 95?,Solve the following and respond with only the final answer: What is 24 plus 45?,119
Solve the following and respond with only the final answer: What is 60 plus 60?,Solve the following and respond with only the final answer: What is 60 plus 96?,120
Solve the following and respond with only the final answer: What is 32 plus 57?,Solve the following and respond with only the final answer: What is 32 plus 73?,89
Solve the following and respond with only the final answer: What is 12 plus 79?,Solve the following and respond with only the final answer: What is 12 plus 57?,91
Solve the following and respond with only the final answer: What is 73 plus 81?,Solve the following and respond with only the final answer: What is 73 plus 12?,154
Solve the following and respond with only the final answer: What is 75 plus 17?,Solve the following and respond with only the final answer: What is 75 plus 55?,92
Solve the following and respond with only the final answer: What is 70 plus 57?,Solve the following and respond with only the final answer: What is 70 plus 67?,127
Solve the following and respond with only the final answer: What is 34 plus 60?,Solve the following and respond with only the final answer: What is 34 plus 78?,94
Solve the following and respond with only the final answer: What is 91 plus 31?,Solve the following and respond with only the final answer: What is 91 plus 14?,122
Solve the following and respond with only the final answer: What is 86 plus 77?,Solve the following and respond with only the final answer: What is 86 plus 44?,163
Solve the following and respond with only the final answer: What is 28 plus 49?,Solve the following and respond with only the final answer: What is 28 plus 39?,77
Solve the following and respond with only the final answer: What is 40 plus 19?,Solve the following and respond with only the final answer: What is 40 plus 44?,59
Solve the following and respond with only the final answer: What is 13 plus 53?,Solve the following and respond with only the final answer: What is 13 plus 84?,66
Solve the following and respond with only the final answer: What is 79 plus 67?,Solve the following and respond with only the final answer: What is 79 plus 43?,146
Solve the following and respond with only the final answer: What is 91 plus 29?,Solve the following and respond with only the final answer: What is 91 plus 68?,120
Solve the following and respond with only the final answer: What is 66 plus 80?,Solve the following and respond with only the final answer: What is 66 plus 43?,146
Solve the following and respond with only the final answer: What is 28 plus 26?,Solve the following and respond with only the final answer: What is 28 plus 51?,54
Solve the following and respond with only the final answer: What is 81 plus 17?,Solve the following and respond with only the final answer: What is 81 plus 84?,98
Solve the following and respond with only the final answer: What is 40 plus 85?,Solve the following and respond with only the final answer: What is 40 plus 66?,125
Solve the following and respond with only the final answer: What is 12 plus 20?,Solve the following and respond with only the final answer: What is 12 plus 92?,32
Solve the following and respond with only the final answer: What is 60 plus 40?,Solve the following and respond with only the final answer: What is 60 plus 48?,100
Solve the following and respond with only the final answer: What is 94 plus 20?,Solve the following and respond with only the final answer: What is 94 plus 83?,114
Solve the following and respond with only the final answer: What is 92 plus 88?,Solve the following and respond with only the final answer: What is 92 plus 14?,180
Solve the following and respond with only the final answer: What is 26 plus 24?,Solve the following and respond with only the final answer: What is 26 plus 64?,50
Solve the following and respond with only the final answer: What is 27 plus 67?,Solve the following and respond with only the final answer: What is 27 plus 58?,94
Solve the following and respond with only the final answer: What is 80 plus 62?,Solve the following and respond with only the final answer: What is 80 plus 32?,142
Solve the following and respond with only the final answer: What is 33 plus 17?,Solve the following and respond with only the final answer: What is 33 plus 29?,50
Solve the following and respond with only the final answer: What is 79 plus 14?,Solve the following and respond with only the final answer: What is 79 plus 22?,93
Solve the following and respond with only the final answer: What is 78 plus 25?,Solve the following and respond with only the final answer: What is 78 plus 57?,103
Solve the following and respond with only the final answer: What is 17 plus 98?,Solve the following and respond with only the final answer: What is 17 plus 13?,115
Solve the following and respond with only the final answer: What is 35 plus 24?,Solve the following and respond with only the final answer: What is 35 plus 51?,59
Solve the following and respond with only the final answer: What is 66 plus 17?,Solve the following and respond with only the final answer: What is 66 plus 12?,83
Solve the following and respond with only the final answer: What is 96 plus 35?,Solve the following and respond with only the final answer: What is 96 plus 14?,131
Solve the following and respond with only the final answer: What is 72 plus 18?,Solve the following and respond with only the final answer: What is 72 plus 63?,90
Solve the following and respond with only the final answer: What is 84 plus 64?,Solve the following and respond with only the final answer: What is 84 plus 15?,148
Solve the following and respond with only the final answer: What is 66 plus 60?,Solve the following and respond with only the final answer: What is 66 plus 33?,126
Solve the following and respond with only the final answer: What is 90 plus 93?,Solve the following and respond with only the final answer: What is 90 plus 24?,183
Solve the following and respond with only the final answer: What is 67 plus 92?,Solve the following and respond with only the final answer: What is 67 plus 55?,159
Solve the following and respond with only the final answer: What is 20 plus 10?,Solve the following and respond with only the final answer: What is 20 plus 11?,30
Solve the following and respond with only the final answer: What is 67 plus 83?,Solve the following and respond with only the final answer: What is 67 plus 13?,150
Solve the following and respond with only the final answer: What is 54 plus 24?,Solve the following and respond with only the final answer: What is 54 plus 22?,78
Solve the following and respond with only the final answer: What is 77 plus 45?,Solve the following and respond with only the final answer: What is 77 plus 50?,122
Solve the following and respond with only the final answer: What is 90 plus 84?,Solve the following and respond with only the final answer: What is 90 plus 91?,174
Solve the following and respond with only the final answer: What is 49 plus 11?,Solve the following and respond with only the final answer: What is 49 plus 53?,60
Solve the following and respond with only the final answer: What is 14 plus 65?,Solve the following and respond with only the final answer: What is 14 plus 29?,79
Solve the following and respond with only the final answer: What is 10 plus 53?,Solve the following and respond with only the final answer: What is 10 plus 21?,63
Solve the following and respond with only the final answer: What is 30 plus 17?,Solve the following and respond with only the final answer: What is 30 plus 38?,47
Solve the following and respond with only the final answer: What is 72 plus 88?,Solve the following and respond with only the final answer: What is 72 plus 34?,160
Solve the following and respond with only the final answer: What is 34 plus 58?,Solve the following and respond with only the final answer: What is 34 plus 10?,92
Solve the following and respond with only the final answer: What is 38 plus 75?,Solve the following and respond with only the final answer: What is 38 plus 25?,113
Solve the following and respond with only the final answer: What is 85 plus 43?,Solve the following and respond with only the final answer: What is 85 plus 48?,128
Solve the following and respond with only the final answer: What is 43 plus 84?,Solve the following and respond with only the final answer: What is 43 plus 81?,127
Solve the following and respond with only the final answer: What is 37 plus 41?,Solve the following and respond with only the final answer: What is 37 plus 37?,78
Solve the following and respond with only the final answer: What is 34 plus 63?,Solve the following and respond with only the final answer: What is 34 plus 27?,97
Solve the following and respond with only the final answer: What is 86 plus 66?,Solve the following and respond with only the final answer: What is 86 plus 48?,152
Solve the following and respond with only the final answer: What is 48 plus 74?,Solve the following and respond with only the final answer: What is 48 plus 38?,122
Solve the following and respond with only the final answer: What is 41 plus 76?,Solve the following and respond with only the final answer: What is 41 plus 16?,117
Solve the following and respond with only the final answer: What is 95 plus 68?,Solve the following and respond with only the final answer: What is 95 plus 15?,163
Solve the following and respond with only the final answer: What is 57 plus 62?,Solve the following and respond with only the final answer: What is 57 plus 10?,119
Solve the following and respond with only the final answer: What is 53 plus 31?,Solve the following and respond with only the final answer: What is 53 plus 80?,84
Solve the following and respond with only the final answer: What is 82 plus 65?,Solve the following and respond with only the final answer: What is 82 plus 64?,147
Solve the following and respond with only the final answer: What is 77 plus 26?,Solve the following and respond with only the final answer: What is 77 plus 45?,103
Solve the following and respond with only the final answer: What is 86 plus 10?,Solve the following and respond with only the final answer: What is 86 plus 13?,96
Solve the following and respond with only the final answer: What is 76 plus 62?,Solve the following and respond with only the final answer: What is 76 plus 73?,138
Solve the following and respond with only the final answer: What is 74 plus 64?,Solve the following and respond with only the final answer: What is 74 plus 54?,138
Solve the following and respond with only the final answer: What is 80 plus 31?,Solve the following and respond with only the final answer: What is 80 plus 63?,111
Solve the following and respond with only the final answer: What is 17 plus 35?,Solve the following and respond with only the final answer: What is 17 plus 80?,52
Solve the following and respond with only the final answer: What is 65 plus 75?,Solve the following and respond with only the final answer: What is 65 plus 72?,140
Solve the following and respond with only the final answer: What is 56 plus 49?,Solve the following and respond with only the final answer: What is 56 plus 87?,105
Solve the following and respond with only the final answer: What is 13 plus 95?,Solve the following and respond with only the final answer: What is 13 plus 30?,108
Solve the following and respond with only the final answer: What is 10 plus 88?,Solve the following and respond with only the final answer: What is 10 plus 93?,98
Solve the following and respond with only the final answer: What is 69 plus 45?,Solve the following and respond with only the final answer: What is 69 plus 18?,114
Solve the following and respond with only the final answer: What is 46 plus 80?,Solve the following and respond with only the final answer: What is 46 plus 21?,126
Solve the following and respond with only the final answer: What is 57 plus 35?,Solve the following and respond with only the final answer: What is 57 plus 35?,92
Solve the following and respond with only the final answer: What is 74 plus 23?,Solve the following and respond with only the final answer: What is 74 plus 75?,97
Solve the following and respond with only the final answer: What is 58 plus 51?,Solve the following and respond with only the final answer: What is 58 plus 16?,109
Solve the following and respond with only the final answer: What is 45 plus 31?,Solve the following and respond with only the final answer: What is 45 plus 97?,76
Solve the following and respond with only the final answer: What is 81 plus 89?,Solve the following and respond with only the final answer: What is 81 plus 15?,170
Solve the following and respond with only the final answer: What is 63 plus 24?,Solve the following and respond with only the final answer: What is 63 plus 94?,87
Solve the following and respond with only the final answer: What is 21 plus 76?,Solve the following and respond with only the final answer: What is 21 plus 88?,97
Solve the following and respond with only the final answer: What is 31 plus 73?,Solve the following and respond with only the final answer: What is 31 plus 79?,104
Solve the following and respond with only the final answer: What is 54 plus 28?,Solve the following and respond with only the final answer: What is 54 plus 65?,82
Solve the following and respond with only the final answer: What is 27 plus 80?,Solve the following and respond with only the final answer: What is 27 plus 66?,107
Solve the following and respond with only the final answer: What is 59 plus 24?,Solve the following and respond with only the final answer: What is 59 plus 67?,83
Solve the following and respond with only the final answer: What is 74 plus 17?,Solve the following and respond with only the final answer: What is 74 plus 84?,91
Solve the following and respond with only the final answer: What is 10 plus 33?,Solve the following and respond with only the final answer: What is 10 plus 75?,43
Solve the following and respond with only the final answer: What is 99 plus 32?,Solve the following and respond with only the final answer: What is 99 plus 25?,131
Solve the following and respond with only the final answer: What is 26 plus 50?,Solve the following and respond with only the final answer: What is 26 plus 43?,76
Solve the following and respond with only the final answer: What is 56 plus 80?,Solve the following and respond with only the final answer: What is 56 plus 26?,136
Solve the following and respond with only the final answer: What is 79 plus 70?,Solve the following and respond with only the final answer: What is 79 plus 14?,149
Solve the following and respond with only the final answer: What is 66 plus 14?,Solve the following and respond with only the final answer: What is 66 plus 20?,80
Solve the following and respond with only the final answer: What is 65 plus 49?,Solve the following and respond with only the final answer: What is 65 plus 60?,114
Solve the following and respond with only the final answer: What is 54 plus 37?,Solve the following and respond with only the final answer: What is 54 plus 76?,91
Solve the following and respond with only the final answer: What is 98 plus 51?,Solve the following and respond with only the final answer: What is 98 plus 54?,149
Solve the following and respond with only the final answer: What is 74 plus 99?,Solve the following and respond with only the final answer: What is 74 plus 13?,173
Solve the following and respond with only the final answer: What is 47 plus 57?,Solve the following and respond with only the final answer: What is 47 plus 55?,104
Solve the following and respond with only the final answer: What is 12 plus 26?,Solve the following and respond with only the final answer: What is 12 plus 55?,38
Solve the following and respond with only the final answer: What is 32 plus 70?,Solve the following and respond with only the final answer: What is 32 plus 26?,102
Solve the following and respond with only the final answer: What is 39 plus 18?,Solve the following and respond with only the final answer: What is 39 plus 88?,57
Solve the following and respond with only the final answer: What is 45 plus 46?,Solve the following and respond with only the final answer: What is 45 plus 10?,91
